692437800881410049,3
1257573808837279744,3
1256660910476795906,0
1255853725412982786,2
1232939280860729344,3
1252247471163691008,3
1246342823030534144,3
1245400910836174850,3
1250465263046311938,3
1258495390871097344,1
1246447585566642177,3
1233705482755485696,3
1246472853148643329,3
1247146530307530758,3
1246338915180646400,3
1245850347488370688,1
1245993155926859778,3
1250201032690368519,3
1238110096334479364,3
1236104646504022016,3
1256595942901460992,0
1247040307100815367,3
1257183756160507905,3
1247722577843359744,1
1244351222213206016,3
1244909857624535040,3
1250317021004197889,1
1240237992872157185,1
1246841213531172869,2
1245086661874253826,1
1247279621810331649,3
1236111257901678594,3
1256885125213589504,0
1246835349747314688,3
1134256181462085632,3
1247425267305455616,2
1244905726201466880,3
1246157564808777729,1
1258432649061949441,3
1246156167665106945,3
1249027180283039746,0
1245019036574003208,3
1243503999355150339,3
1247400703972302849,0
1165062208163762176,3
1248824363543117826,1
1243299007759343616,3
1242409032079552515,3
1232372662002950144,3
1247780390556717058,3
1248224503504809986,3
1247366908380250112,3
1250695803305426944,3
1247421478322274304,0
1251202767928135680,3
1248888840842031107,1
1222938696472846336,3
1251639034511794179,3
1243182756710014978,3
1246141504973750273,3
1241454267183046665,3
1177539052683309056,3
1238386920855666688,1
1245778765520818180,1
1249655730581405701,3
1249538997350629376,3
1258196789607497728,3
1224841816769474572,3
1246561443090178054,3
1255243571592073220,3
1258179709180887042,3
1245072886366380032,3
1155142342044782597,3
1251139311681978373,3
1246169793549533184,3
1255976675252158465,3
1247119028495306752,3
1246139970730983424,0
1249640419199197184,3
1242438522876854272,3
1248230970844680192,3
1237370879438393346,3
1245100865247158273,1
1246197426060484611,3
1246747611345936385,3
1236073292055957504,3
1250145596444418051,3
1248541311914762240,1
1253724561381765122,3
1251568062387511297,3
1252233797375938560,3
1255922000943616008,1
1246097480904773633,3
1248587275145011201,3
1240023115222089731,3
1250723619996676102,3
1150208561949138944,3
1246653728905736193,1
1258558082336112640,2
1247073093467734016,3
1252242904321589249,3
1237386458010247174,3
1235207700667076609,3
1229438680265379841,1
1255298032654049282,3
1245098230465138688,3
1248288535129571330,1
1253434583082602506,3
1250544519042535425,3
1246556171156283396,1
1247528198155300866,1
1240245771271839749,1
1249081029333323777,3
1247238163942313984,0
1242446975817089024,3
1237984616377487360,3
1249627375102550016,3
1258571667359531009,1
1250116811812732934,3
1255520947240607747,3
1254582299523416065,3
1253344833021902853,3
1247571897212157952,1
1249346693834911744,1
1239254913147973638,1
1242811947378229250,0
1184373448061128710,3
1251732448658042881,3
1248252207457341440,1
1238181261061042182,2
1248210652730138624,3
1245187577226936321,2
1251201247601987586,3
1249419588363849731,3
1246118081581195264,1
1246477731862380551,3
1247448008402382848,1
1247459795096997888,2
1244941448723791873,1
1249761784409489408,3
1249736232415813632,3
1245665968392736769,0
1248144611241070592,3
997208725000769537,3
1246180745384787968,3
1253104133843890182,1
1246462745513508866,3
1246461495258554370,2
1257290690414948352,1
1221927767966699520,0
1247612129244372993,3
1250070338207178752,0
1236366236453351424,0
1245055925288747008,1
1246489563767267329,0
1017284899210919936,3
1246813712020901888,3
1246755881947140097,1
1233167042267635712,0
1244982597744295937,2
1246984094858137600,3
1245956349516828673,3
1224333398375849984,3
1202096500446318592,3
1248173990981533696,2
1247485587566755840,0
1247201706678476803,3
1246772237769859072,3
1076404460807548929,3
1238797497969119232,3
1245433131387236352,3
1248284293035634690,1
1246214718508990464,1
1245314814282551297,1
1239473022962225152,3
1258114207536447488,3
1249451368852516864,3
1234148413731745798,1
1249898057451241473,3
1237752195682009089,3
1235985860501397504,3
1239573274432024578,3
1254161853896245254,3
1246552385696215041,3
1222644337185632262,3
1247367342830407682,1
1251591265893912579,3
1239022761995055106,1
1247213085221404679,2
1245248851335757824,3
1245828029542215681,1
1247709171660795905,3
1227986466061606912,3
1248650607025676289,3
1231675050304122882,3
1245237489721389057,3
1251672017604169728,0
1248160710397431808,3
1247591518329810945,3
1249986806172585984,3
1252632192326369281,1
1242689305945886722,3
1246403892168007680,3
1240395593362616323,3
1236616461625561095,1
1253642221313617920,3
1236186179625680898,3
1252174559073062912,3
1239653798425120776,3
1249229178270035968,3
1246119292502003713,3
1258347322213388288,3
1248168534263443456,3
1253083271996596229,3
1250586995568660480,3
1249280637359489025,3
1250239675479887874,3
1241666778532581376,3
1246831845783875586,1
1248730720580714498,1
1257792804413153282,1
1247824524026011648,3
1250331724510158848,3
1236038189917163520,1
1247807582934151171,3
1246141940099358723,3
1250748598863761409,3
1229847955143872512,1
1245035222862909440,3
1250359473878618113,3
1238615797028679681,2
1252629532328128514,3
1237416599667314693,2
1231264703319543810,3
1250762807529922560,3
1241653261897216000,1
1258079969667768321,1
1245950657363763201,1
1252166443636056064,3
1249200116667424769,3
1251248098569064448,1
1032581445351550976,3
1244446119452696577,3
1246075320987312131,1
1248726474263154688,3
1254905717372452870,2
1250471958099173378,3
1246298252091076609,3
1233841822675488775,3
1245053208986345475,3
1252779962077151234,3
1247416151648243712,3
1247108716576550913,3
1237448772440948742,3
1244649221631901697,3
1247306338386001922,3
1251910695240728580,0
1252035304950644736,3
1252524769469227008,3
1225950670471086080,3
1243950561814294528,3
1253189330723471361,0
1247186201909567488,3
1247202070031142914,3
1237399020923801602,1
1256960686640463874,3
1257248397028929537,3
1247971166247157760,3
1255670976999755784,3
1248191348039208961,3
1237828366767702016,3
1247439268320026625,3
1237072567590178816,3
1245746141452517376,1
1244281745152905217,3
1215762050871373824,0
1250864514951557120,1
1230864644413194242,3
1242787056239157250,3
1246496508729528321,3
1252239916152401921,1
1247544997966200832,1
1248386268754403329,3
1247908335157993474,3
1250467601374994434,3
1241566718629158912,3
1250397517533061122,0
1250276301786632194,3
1246116471958274050,3
1251335127331942401,3
1254074242905366528,3
1253003740665217028,3
1250239956636721152,1
1247217484807262209,3
1228431219576233985,3
1246916315044085762,3
1221779340590895106,0
1246400983556554755,3
1247213630724194304,3
1236473220783636481,3
1245891526892363776,3
1249032808456019970,3
1250683000511180800,3
1257548565578121221,3
1230404791286804481,3
1247243424065040385,3
1245466020053164034,3
1246111719820124161,3
1242807745155338240,3
1249675390219583498,1
1248837688637046795,3
1245630706484563968,1
1247236184344006659,3
1256974096765779970,1
1246909251303305216,3
1246935661128671236,3
1257953064176271362,3
1235921099143163907,3
1247539308472352770,1
1251156258960232448,3
935499923155537921,3
1240474159777550337,0
1251139947446353920,3
1240798441975853057,3
1255177598600130560,3
1249986050073792513,3
1243573840296521734,3
1247196531008159746,3
1246527569903726598,1
1247448939609153536,1
1249820750657224704,1
1257861949666275332,3
1239370638231506944,1
1240175214266167296,1
1247177193408663552,3
1249099716689661952,3
1254065880624959488,0
1246462444391759872,3
1246217613702823936,1
1245055967974305795,3
1249373727030206464,3
1246116478610477063,3
1257935388800360448,3
1248889702788161537,1
1205672039425740802,3
1196148537525977088,3
1240547718046650369,3
1239581405937573888,3
1251995381661040642,3
1245431758415450121,3
1246367450884640769,3
1239314007544086531,1
1250545919113732096,3
1249420181106905088,3
1255672657346887681,3
704332850670120962,3
1246100059646840832,3
1251075243386572800,3
1249784829303980032,0
1242430913369141253,1
1241829801750679552,3
1258675127283093504,3
1220316095132979200,2
1250201805407084546,3
1249811764600090627,3
1246002835063529472,3
1246546131879964672,3
1247296542144376838,0
1253349421791805440,3
1246431763443986439,2
1228755593982136320,3
1248333612212195328,3
1246535273615409153,1
1247982295413338117,3
1197611928371245061,1
1243244763320594435,2
1239071257510854657,3
1257222662574747649,3
1248162494927065088,3
891369468470988800,3
1247492734547636228,3
1252962142061551616,3
1243152839121264641,1
1245434438584074240,3
1257617219774750720,2
1222758108205895681,0
1247127204464648192,1
1220737289464221696,3
1242642675171459072,0
1252740471690072064,0
1253021806786568192,3
1241154876735815680,3
1242455267603877894,3
1246923254239039496,3
1246818722939011072,3
1247623877007511553,3
1248772318094131200,3
1252643010925510663,3
1249291899451645955,2
1240321710110326784,3
1253826582545936385,3
1248783625300127744,3
1241484874575478784,2
1244507858311483393,2
1244784095327993856,1
1252555475046092800,3
1246420588157194242,3
1245289188678864897,1
1249831604228325377,3
1251628843741265921,1
1248396592710684672,3
1248302882501332992,3
1248786594892578816,3
1250172527802015746,1
1232838538976251905,1
1251874216196046851,3
1235247582617702401,3
1251165354031755264,3
1256131241213976576,3
1246130718700457984,1
1247193257718800388,3
1233834553489358848,3
1245098955370872835,3
1246504051124187137,3
1247081185806876672,3
1256863355920363520,3
1256876249923891200,1
1242531441180803074,2
1225160176338010112,3
1252311411428143105,3
1235347292724568066,3
1247244589112541184,2
1246809683186327555,3
1228460719869394944,3
1248370193816002561,0
1246446432539873281,3
1249781016757260289,3
1253766699695976450,3
1246995376042913792,3
1246926915862216706,3
1246507650688454656,0
1232348171751178241,3
1247272463001686017,3
1120827566791766017,2
1248255939741917184,3
1249967029639098375,3
1246438540432596995,3
1246047154856235010,3
1244174939814592512,1
1245137231163142145,3
1252194162058956800,0
1252128096326610944,0
1245856450880012288,3
1247403885091790849,3
1246401733657591808,3
1248061741591863299,3
1257086261476470784,3
1238019345080619008,3
1249654574098628608,3
1246148793524838401,3
1253410601793015810,3
1242426043304218625,1
1179794680797696002,3
1247270079877853185,3
1248541228171485184,3
1247160832947093504,3
1252874226781917185,2
1255072764995780608,1
1235622974193127424,3
1245287008425119744,1
1247273975971004416,3
1251471374469738496,3
1244826550501027842,3
1252352475090173953,1
1249008512476168193,3
1249757857177886720,1
1256723679049928705,3
1245217715339644933,1
1239988189517033472,1
1236432019057508352,3
1247131569191628800,3
1239907746188865536,3
1247612670641147908,3
1247302620689170433,3
1243208321030643713,2
1247771833568354314,1
1246720859584200704,3
1252500529076490242,3
1250040889877172229,3
1250002448581890048,3
1243864581400756224,3
1246041010054017024,1
1249691857858301952,3
1253648126524526593,3
1258738914686316545,0
1243328173288370176,3
1247700859967827970,3
1253107568580452352,3
1249058326819688448,3
1240087416469413888,3
1250661584181047296,3
1224693654800957440,3
1247264241146568706,3
1251849634726756353,3
1247584895695589377,3
1250044308700442625,3
1248907361462284289,3
1247247864830537734,3
1255848985878806528,3
1252834793680560130,3
1245716954096250880,3
1248686883917316096,1
1247350690885836805,0
1252848283279437824,3
1246971196891115522,3
1237943339921616896,1
1247125818272251906,0
1246703362633949185,3
1258455834822168576,3
1256013645907181570,3
1250817454252621824,3
1251538848787476480,1
1233491554045767680,0
1246551570365534208,3
1245781696391385088,1
1250724478277029888,3
1253417698467254276,3
1250369915803987968,3
1246579509228376067,3
1252986604710486017,3
1246464626406985729,3
1234964653014384644,3
1256218689436880900,3
1246833961474691072,3
1248200831297560576,3
1246963204191739904,3
1247852678232674305,3
1229537034609549312,3
1253298083112218625,3
1246372443570274304,3
1246445472795025410,3
1240438339552948224,1
1256185098711502848,1
1230865220827901952,3
1235056416995586048,3
1253724265641369601,0
1257396008306323464,3
1246427790683115520,3
1253829372936622081,1
1248927296892911616,0
1232371717886136321,3
1242965292235571201,1
1246955304245485573,3
1241185334588661762,3
1250027260679081985,0
1253364814166065154,3
1253250092691267584,3
1245859001696260096,3
1247570078603845634,1
1247365260262154240,0
1247130469625401346,3
1239920539512291328,1
1246687779897192451,2
1248619964728135691,1
1238460596414230529,3
1252176166045302784,0
1257736014866419713,1
1245801450535555074,3
1233599710146904065,1
1246901636913672199,3
1237646890788741122,3
1245207091620376577,3
1235488044221976576,3
1139236468365434880,3
1244694238312488960,2
1247083799986479104,0
1247165311272574978,3
1247095681711472641,3
1246724588635127808,3
1246836737592221697,3
1233030053589606401,3
1250503692765233159,3
1222551033789939712,3
1249700093781069824,3
1250068068006596611,3
1160559985983676416,3
1246580254199689217,2
1249725905817174018,3
1249394186039758851,3
1242756665285500929,3
1247786154868355072,3
1230536631096139777,3
1246393332009500672,3
1246800852033077249,1
1250382308797894661,3
1244959396783890436,3
1249098419806691330,1
873178944857571328,3
1243234066637262848,1
1254986950928408576,3
1159495515710644224,3
1248438478272069632,3
1249764024490831873,1
1253133025451401223,3
1246371727510327296,3
1246495031021756417,0
1248303052978819075,3
1233138371456851969,1
1250468281309224961,3
1220321922619187202,2
1253451487415619586,3
1246759857547554821,0
1234803345472180228,3
1239266027353104386,1
1253246182312165377,3
1255896673634725888,3
1250074446293057538,3
1221204131387465728,3
1251103508658446336,1
1246866003771957249,0
1247605106473828357,3
1245370373727641600,1
1253426821892173825,3
1247288710355451905,1
1252607633179189250,1
1245086722007932929,3
1251523152804491275,3
1240782292576022533,1
1247248809941499904,1
1246300828819795968,3
1257264010266845185,3
1257042423471132672,3
1249472154925699072,3
1165782510006980608,2
1246559679968395270,3
1246128697918308354,3
965583184669954048,3
1254957897806540800,3
1235045865699414018,3
1248954000499781632,1
1253650871038152706,3
1249418405951799309,3
1258321618079752192,3
1249390835461795840,0
1240066752580640768,3
1238424251780259840,3
1247182908927823872,1
1257984831444733952,3
1245966918915362816,3
1235356078407213056,1
1252655766802178053,2
1256423769389912064,3
1246251337471463425,3
1229000937601191942,3
1242575721635201024,3
1247054663410692097,1
1247529684130082818,3
1248848071221342213,3
1243580983946903554,1
1253197842879057921,2
1239449876947185668,3
1250419822577348610,3
1250923954346344451,3
1252559250695622662,3
1249965371794259968,3
1242685928264601600,1
1248570164087607296,0
1245994783178280963,3
1246778018296627200,0
1244236129555054592,3
1237515862724116481,3
1244715570882322434,0
1247538581893050375,3
1253479730675879942,3
1240842774259228673,3
1247631756062228483,0
1247490347548229633,3
1247445080820023302,2
1246475992950026240,3
1250258777162612736,3
1250131477133692938,3
1253804172547362820,0
1246485281345359872,3
1246994322358243328,3
1255555605315465217,1
1235637023421198337,1
1239736019483795457,3
1223160115169284097,3
1251899190302695424,3
1245169558287245312,1
1244126905562877953,3
1251891500708958208,1
1246764284652195841,3
1248721482466955265,2
1242299450845954053,3
1253807386776801280,0
1247055691745017863,3
1246143423075233802,3
1253492121203552257,1
1247270364666892288,3
1244968783543848962,1
1243255237890228227,3
1253010112723247105,3
1251783854106578944,3
1247886509513912321,3
1246497036389793792,3
1256979935589269505,1
1246085351283789830,3
1238241007491317765,3
1249780510278238209,3
1240580038195642369,3
1257308857707053057,3
1246184253408391168,1
1246524690668998656,3
1254681542368075776,3
1248866519162871808,3
1247152471778213889,3
1247187994722926592,3
1242625100848996353,3
1243225722207993857,0
1246490045630029824,3
1242640932610232322,3
1254280312265326597,3
1226891949405298688,3
1248365116015419395,3
1247433252282998786,3
1247947091948630017,3
1250470502159826945,1
1242602213127737345,3
1243826159911153667,3
1211891930751102976,3
1247397096749240320,3
1248716621172092932,3
1248889743242219520,0
1249686351185920006,3
1257710991967748098,1
1013290975580565504,3
1243840252143218691,3
1235585975092314113,3
1247135568380735488,3
1247006396639371264,3
1250432037829242880,3
1252033930565312513,1
1251880745787731972,3
1258583797530013702,3
1247610598721904640,3
1246483581158993920,3
1258491609445851137,3
1249795612230529025,3
1246695845929668608,3
1248229458630324225,3
1246276578285412353,2
1252891593163620352,3
1252685397596893184,3
1244267179425447936,3
1234628502252662784,1
1253144301049008128,1
1247287606808850433,3
1249712434006425600,3
1243613230779568129,3
1233067156599902210,1
1238506648496463873,3
1221049404905398272,3
1240715575640252416,3
1232229061063303169,3
1244395342193405953,2
1233473673056727043,3
1245945280010375169,3
1197568565584564225,2
1249420578294988800,3
1248332952963960833,1
1252399723203358720,3
1247423113794641921,3
1247116838061969408,1
1249022589940400128,3
1241740113442373632,3
1245804804451917824,1
1239847663354425344,3
1245773190292520960,3
1247051749254467586,3
1238444912686911489,3
1249782053534605317,3
1258472271120945152,3
1248764109220347904,3
1253710792714829824,3
1248137543079657472,3
1247535513365446666,3
1249682853639708677,1
1247284897221230594,3
1246225844529442816,1
1249772668561305601,3
1248547040080117760,3
1241257469118054401,3
1245063388696363009,3
1253211080345694209,3
1249757336291258368,3
1246114257541840898,3
1246837765934911488,1
1257338411859533824,2
1249891006104788997,1
1244935788909006848,3
1239619258432262145,3
1245899188275159043,0
1247158566315642880,3
1249680498697388032,3
1246532695414505472,3
1247961644191428616,0
1242119320622292992,3
1237168792318414849,3
1235945740603621377,3
1249720882605559813,0
1224086713103839234,3
1251832934853537792,3
1255140717782896640,3
1251973611629486081,3
1246459229646528512,3
1221919087749627904,3
1227743370191097856,3
1249377469242761217,3
1247939060179615751,3
1249731666995752960,3
1238449788485611520,3
1232211957136142338,1
1248318605189681152,3
1241112352772292613,3
1247626399948644359,3
1256647140060753921,3
1240660750357557249,3
1247286854103248902,3
1246425240780988417,3
1250417450589528064,3
1246041612297404416,3
1247064247600910336,3
1249701186334330882,3
1240641004274954241,2
1247062113018920962,3
1249439942503260161,1
1223441556377612288,1
1248061803269107713,3
1246955381911433222,1
1238489158068428801,3
1246554357623119874,0
1256578449231224833,3
1257909182805794816,3
1250159311667572738,3
1253014710544412673,3
1254538457428492288,3
1249705678677082112,3
1227645728505253889,2
1247527848266461184,3
1246697593167581186,3
1247013516990648320,3
1250176354345029632,0
1065993790173954048,3
1244892073830080513,3
1195372079731937280,0
1246698865597665280,3
1252101676971900928,3
1251855477459357696,3
1248311573233299456,0
1115733162347442177,3
1252390786345230339,3
1252133253668114432,3
1248496206004666368,3
1247257350857052162,1
1181187589602078720,3
1248302662207991809,3
1248967223131230208,0
1253198451480772608,1
1242806520645062659,0
1247113095186493447,3
1237563020051492866,1
1245788503201460224,3
1239173717080657921,3
1247070548082950144,1
1245458184137048065,0
1253729605741150209,3
1245782451093454850,1
1240331903099490304,1
1232770729290035202,3
1247900274183700480,1
1246124444063580162,1
1238867310733074432,3
1245295133555331077,0
1258528441940324352,1
1253362724311982080,3
1247063743953096705,3
1246081588821139457,1
1253342140131799041,3
1247000954114899971,3
1247436041838923776,0
1253401617958932480,3
1252657329155137536,3
1245756050478956545,2
1254121562787196934,3
1242023180752916480,3
1258181167590842368,3
1247031161337110528,1
1226847621467328512,3
1247823763187646465,3
1256309680919523331,1
1252289618915065857,3
1246546316513214467,1
1246183278085881862,3
1253822415185907712,3
1253226074013675522,0
1253643560546717698,3
1246482414379110400,0
1247505113091985415,3
1247445133760630784,3
1247417960030969856,1
1246662391036891137,3
1172506564432936960,2
1248180044503154688,0
1248275435613544448,1
1253204696942047232,1
1241023957400276994,3
1246134314279923714,3
1247303716115529732,0
1247368742675214338,3
1248207624270733312,3
1247174786184290306,3
1233493822295900160,3
1242569220149239808,3
1247327459747430402,3
1251187335292751876,3
1247293653053247489,3
1247237639272620032,3
1247635235396878338,0
1247794358293651456,3
1252811373177974785,3
1247265837007994883,3
1247255199049224199,3
1247349588509495296,3
1243470808564944896,0
1258152797880619012,3
1251844631328894976,1
1250606383537500160,3
1246092474587713537,0
1253978781447946241,3
1253947195478495232,3
1247223477909798916,3
1245339301535154177,1
1247622543395127300,3
1247105800222498828,3
1248332330214641664,3
1251586746648875014,3
1253656834138931201,3
1247296259725000704,3
1226484757732544512,3
1248224668101808130,3
1253266433821347841,3
1246505765264855040,3
1250141368955142149,3
1246573448366784513,2
1237302506193108992,3
1247948720697749512,0
1255195102722523136,1
1247197933113507840,3
1241825851282542592,3
1251564091392397312,3
1246118752053231617,1
1247199951001661442,3
1251634031583735809,3
1252339056123342849,1
1244976492465061889,1
1249396063347195905,3
1255557783803527177,3
1248671436790796288,3
1248631132758740998,1
1234149254077304832,3
1247907937269538816,0
1240846570993549312,1
1245693781577322496,3
1250763397022572544,3
1233447330009034753,3
1246620685981679617,2
1248707330730078210,3
1246730262483853318,1
1239613980156575744,3
1250242159443353601,3
1246195789531099136,2
1249554535628115968,3
1246889677904392194,0
1245643959021404166,3
1247364270960054272,1
1253749509944999936,1
1246582803833278467,3
1248730182954803200,1
1241886085858365440,3
1247678994989764608,3
1248903609691123712,3
1233439247660724225,3
1256052528464244738,1
1242276387345457153,3
1252711486771822592,3
1253170897730654210,0
1253102464330600448,3
1253301409400762368,3
1244674204668223490,3
1253845630277038081,3
1246836176306257920,3
1250075085102174208,3
1246778933636485120,3
1232629113560748032,3
1245924453919248391,2
1246328312303149057,3
1244686137492414465,3
1252589675002249217,3
1248453803059187714,3
1250007873402347520,3
1235823973033578496,3
1255167389802459137,3
1245812470834278400,3
1243991093160665088,3
1247501923734949891,3
1253631367696584704,3
1248340197793816584,0
1253959260263809025,3
1247562278804873216,3
1245423260604542978,1
1248495730437705728,3
1244926039630979073,1
1235238830023872513,3
1216178400722710529,3
1246021785616822274,0
1248631206490456065,3
1245624436838952961,3
1246954050458877953,3
1130673216563712000,2
1239093065257631744,3
1247249184585134083,1
1248675096501391360,3
1251315915192274944,3
1243665479388082180,3
1233138691960233985,3
1256580715375923202,3
1251952670958551045,0
1248452325397520386,3
1247203175792357376,3
1248999755570647041,3
1249803803013996546,3
1246582810288230404,0
1247550726496309249,3
1250507837559787527,1
1249144652734894081,3
1246765924482527232,3
1237507195228442625,3
1254534090877030403,1
1254065865156448257,3
1246768961032785920,3
1248303690957684738,3
1249672215781662721,3
1250091176381878274,1
1249246016144117761,3
1244004202243907584,3
1227539880407945217,1
1250046579408539648,3
1239631749505634306,3
1233121258075590656,1
1246915307182096386,1
1248347454128316417,3
1254091154536099840,1
1245772373019758597,0
1249441510334103552,3
1243655148376907776,3
1243825506417590272,3
1253771420980490240,3
1250155948783656962,3
1246167747056320514,3
1248531322785525760,3
1246133728339832832,3
1241159588029829121,1
1238470353787199496,3
1250853857216704512,3
1247053772133732354,3
1246220189798187008,3
1246472389539565569,3
1246101595378630657,3
1258543423943962624,3
1222018824335003650,3
1246666082846420998,3
1245598324763152386,3
1246692342914048001,0
1248069787982462978,3
1257943094877708289,3
1200086898099789824,3
1250647869352181760,3
1239825350265364482,3
1246051142729191424,3
1246315845619515393,0
1250821665237471241,3
1246033623712702464,3
1245810180111192065,3
1246754417610809344,2
958373941369819136,3
1243382409065689093,3
1248385315569467392,1
1225737983497822208,3
1239298882766614528,3
1248101358139514880,1
1248628997425999872,1
1236847723346829314,3
1248158438091300865,3
1249959899519488000,3
1247162270242820096,3
1254992803572133889,1
1221794161831174145,3
1248169747885240320,3
1247757253425283073,3
1247075298216206336,3
1235298992780644354,3
1246642171824017413,3
1224270643652370432,1
1238863886335594496,3
1258712991295512578,1
1246587293143642115,3
1244071379126890496,3
1246160734301683714,3
1237178431017648128,3
1248820146837176320,0
1249662215021563906,3
1248903366580854784,1
1232865620300980225,1
1255193874324217856,3
1250500458386423813,3
1246405540303028226,3
1246959433927872513,3
1252732017084514304,1
1069280085780430849,3
1258367479451193344,3
1239640106539061251,3
1254385497037836290,0
1247576069835759618,0
1236966780947574784,3
1253742011502469121,3
1258466457651941380,3
1245217311180505088,1
1247064937853333504,3
1242863995641528327,3
1250287741679501313,3
1251489221711405056,3
1245740746474471424,0
1048217416940093442,3
963652883035115520,3
1247355963222327298,0
1248776729583185922,2
1246963956515778560,3
1255885221523853316,1
1247815368506331136,3
1240339155625947136,1
1247295304363323393,3
1253324710114234368,1
1235184306886258689,3
1247130909448364032,0
1245770536539619332,3
1225682771231694848,3
1240376782391566345,3
1248852752412766208,3
1220438649218772994,3
1246435091926134784,3
1247145093636685824,3
1234976814516170753,3
1246173216281935872,1
1249288786468536320,3
1154352790992347137,3
1237728896360919040,3
1246684517181636609,2
1233144643979816962,3
1230538086934863876,3
1247705847406436353,3
1246578565845565443,1
1258399729018339328,3
1254124386208092161,3
1251458908851441666,3
1247151730279600134,2
1258705771128401920,3
1249766960298106885,3
1244585366079799298,1
1247306419507994624,3
1248056819840409600,3
1233668766124400640,3
1242469980165140480,3
1247239186404577281,0
1256844030673108998,1
1246073695682072577,3
1252323253269512193,3
1251294938576424965,3
1222157381263667202,3
1252663012801998848,3
1246343397260083200,3
1245779861437919238,1
1246882165650047003,3
1247370892772073474,1
1248246078819799040,1
1248610583718449153,1
1242696411260620800,3
1253770697647837185,3
1246410058461786112,1
1247398066224799748,3
1248216418224611328,3
1246677643543687168,0
1230477165336170497,2
1246139073447833600,3
1231236787760193536,3
1247424010624753664,1
1246615635670556677,0
1240750290321772545,3
1245583357183799297,3
1249704256858402816,3
1248535489692545025,3
1244759258236928008,3
1246671922827493379,1
1247092059904847873,1
1235956505456885760,3
975024643009667074,3
1249048200180310016,3
1252364563455983619,3
1245113685665857536,3
1249019760282611715,3
1255047113647493120,3
1246958017960128515,1
1248396909741408257,3
1246501647511060480,3
1249385357218643968,2
1249971901528670209,3
1240377160277331969,1
1246924728935182336,3
1247062098326310913,3
1246037684352684032,3
1241420191411703809,3
1247652253965725696,1
1244619943754285058,2
1247694928244805632,3
1245867766516600833,3
1245432330149191680,1
1244852686740217857,3
1255874204697845760,1
1243573173385195520,3
1251877592128524288,3
1248075123074060288,1
1245845986494287877,3
1250375518798651393,3
1257290140013203457,3
1114548484508659712,3
1244815970817855488,3
1246747078593851395,3
1248450142484586497,3
1245769781422305287,1
1220979618636845056,3
1247522478890479618,3
1256747493980868609,3
1257466688817303553,3
1248818675643269120,2
1255359893495742464,3
1245503502341808129,1
1143261459020783616,3
1247582914038112258,3
1248666869013200897,3
1242129505139003404,1
1253577505094631424,3
1245296339518447618,1
1247335369806352385,0
1247174968841883650,2
1247947334962614272,3
1245090177636335623,0
1246346917489115137,3
1224473763611389953,0
1246512314423160832,1
1255123372029218817,3
1243609831895859203,1
1247556021750583296,3
1258120910256701440,3
1229512384240287753,3
1244005133190672385,3
1247561162507476992,1
1243958296140226561,1
1239226722823872514,3
1246706243739279361,3
1256379793836310528,3
1250096471669485570,3
1233430825535885312,0
1244826824288468993,1
1253612057582280704,3
1258343762213900288,3
1244949335026151424,3
1247684956244963328,1
1231972169766199297,3
1245359696527179780,2
1238427738312146946,3
1245380252295102471,3
1240249335058702337,3
1247040419977986054,1
1251427708040556546,3
1256217032321892355,0
1248928048382009345,3
1252455825349783552,3
1246026297853325313,3
1257999098675974146,0
1248653324053856256,3
1252032891782959104,3
1253261717808840704,3
1229478304899567616,3
1255486695937650688,3
1254374175533391873,3
1244098569390309376,3
1253618937801170944,3
1248490406414671874,3
1246524697350746112,2
1249356706603323394,3
1254938762724937729,1
1043291345048223744,3
1251724239473868801,3
1256643049356062720,3
1244953765658202112,2
1249878962429460481,3
1245110812852858883,1
1247076738993213441,3
1247064423400976384,3
1245380699114188800,3
1161316040627724288,3
1247585185669021699,2
1236201446548426752,2
1256854468710326272,3
1246986747981987841,0
1241798262077698048,3
1245836662493462528,3
1245338529527463936,3
1253819370201059329,3
1256195391239917569,3
1247963282595622918,1
1247896255583248385,3
1246491011997712386,0
1248636926367633408,3
1252492264397471747,3
1223693075962265608,3
1244333920390279170,3
1258211368362283009,3
1247104026627338242,3
1247199733283729411,3
1245811003922821120,3
1255769202339840001,3
1247162840538140672,3
1252082353985511424,3
1041740705360691200,0
1246361162985472001,3
1247208075918020609,3
1234327160007090178,2
1243586823080808462,2
1250791643332165632,3
1251259183820795904,3
1245727830995959809,3
1250702374458572800,1
1238281943587991552,0
1247329015938953217,3
1244738766088085505,1
1241582018036510721,3
1246570213656498176,3
1249065509196378130,3
1240125030979325953,1
1239489386875686917,3
1242636809760198656,1
1256643240297672704,3
1246868939713458177,3
1255111299551375361,1
1249407759172415488,1
1240393536320790528,3
1252940436685099008,2
1247341946445664259,3
1247856566688243712,2
1228483107818373120,3
1249712401265692673,3
732740750002130944,3
1252682850928865280,3
1246812822039752705,1
1234956754515042305,0
1242472161765404672,3
1251970910950572032,3
1252475553157767168,3
1257004068846911488,1
1246416790005198849,3
1255751761475833856,3
1258360401399611392,3
1246609435075600385,3
1246843682231181321,0
1246934759961513985,0
1247567821061660675,0
1236720137744547841,3
1241794482015629313,3
1248198621939589121,3
1258430521690017792,3
1190327114047864832,0
1244850568469700610,3
1246742151511367682,1
1246545776014172160,3
1251387657235595266,0
1251846591536906240,3
1177043055293038593,3
1253430633537273856,3
1253330671092641799,3
1256202536396226563,3
1243806110605139968,3
1253561952766287874,3
1254177149487063040,3
1247275221754818562,1
1246876005333192705,3
1237416308196728832,3
1247967070731599874,1
1246438506588778496,1
1246798186829639682,3
1095851224795152384,3
1192523171670433792,2
1247068833392791553,3
1222280774260531200,3
1253676366626795520,3
1248272992049803265,3
1246816364410658816,3
1248283357475033088,3
1224695521102761986,3
1247640702042980357,3
1246173238025244672,1
1245172748663566338,0
1247437261958000640,1
1240214113353183232,3
1250868205490278400,3
1248687536882491393,1
1246912342585212930,2
818578447962226689,3
1245081240576950278,1
1250382222869303296,3
1233431008042725376,3
1247173194588598274,3
1245933974326775808,1
1251002298920206337,3
1246128558898057218,1
1251265392011628546,3
1256017179511840768,3
1246184596062044162,1
1248022113119653888,0
1249631382621630470,3
1237491425358409728,0
1246411623658663936,0
1247442940353536000,3
1082597462001491968,3
1253269511375065088,3
1242809053333643266,3
1247288415135154177,3
1224682055616946182,3
1241017625867517952,3
1240278661657436163,0
1242414466723086337,2
1248132401173233665,0
1254866573262651393,1
1249717921976287239,3
1247532432934371329,3
1246826188061978624,3
1255409337046044672,1
1245704520224538630,0
1251098519701794817,1
1246278491735113730,3
1248267410345517057,3
1252268289339908097,3
1243622590079524867,1
1253605360096722950,0
1247519571176828928,3
1254128922897367043,3
1253638259026124800,0
1246480727958528000,3
1244982729701298178,1
1246530375133863936,1
1231287458769313794,3
1246062009960902656,1
1247162803456282624,3
1247200625038942208,3
1247871335428239362,3
1249750330520330240,3
1256129035949596672,3
1252951777223348224,2
1241674808481525761,0
1249240468757647360,3
1246477841891348480,3
1237313442979217408,3
1246425433924669442,3
1254274231652675584,3
1246832443463737344,1
1251971356637278208,1
1253312891819749382,1
1251876844154093569,3
1233069471906045953,3
1223024923553214470,1
1250017994387816448,3
1248979185797935105,1
1244421783723401217,3
1229811118211620865,0
1246495862097838080,3
1240164750798942209,3
1245848242421719040,1
1239677550667972613,3
1246780991932436480,0
1247219721356881923,3
1253380856757903361,3
1256123668213698561,3
1253062778102919168,2
1226424196256825344,3
1251607860234027011,3
1257140863861284871,3
1257263541117214721,3
1246388658191486977,2
1241027565705482240,1
1246871728367820802,3
1246135075231666176,3
1246949759820001282,1
1246207781516062722,3
1245711239839350784,3
1247139251084570630,2
1246622879271157760,3
1246658929951674368,3
1245728106658365441,3
1258487888867549185,0
1247061643714011137,1
1254400077608767488,3
1246693043979407360,1
1246231451005157378,3
1249373965702684672,3
1243927342524895232,3
1245770076646772737,1
1246648946283253760,3
1246139427459661824,3
1247120219446956032,3
1246661482663690241,1
1221797345144328192,3
1246161216617283585,3
1242185010544852992,3
1240026239852838915,3
1256757214322151425,3
1224681625646178306,3
1246814684600295425,3
1247097371152056325,3
1247280438642716674,2
1254324366319464449,3
1244135976454230016,0
1246605991623475200,3
1230764006194892800,3
1246444037747466241,3
1244703960180678657,1
1246975204712165376,3
1247421168107376640,1
1244093292075266048,1
1247818334093090816,3
1023906864206147584,3
1242689732875898880,3
1247831037532680193,1
1234731789110906880,1
1246418435116015617,3
1247174699563585536,3
1246882251419332611,3
1248727676325629953,3
1247817568620097541,3
1242528658767654912,3
1240389237276651526,3
1185973062166089728,3
1247077664504119296,3
1257378004843606017,3
1246862017077575680,2
1238926482052911109,3
1254351146493177857,3
1248341288560320514,2
1246901120460394496,3
1238063801183993856,1
1234463049987371009,1
1237801739312644096,3
1249702161056964610,3
1253709704074690560,3
990650092204982272,3
1250086441289482240,3
1251088476314963969,3
1153658638160093184,3
1258524403245047813,3
1249026954369654784,3
1247352913405583365,3
1248281219541929985,3
1258726773765931012,0
1246239585174249472,3
1241852968049098752,3
1250427454604193794,3
1244817476094918657,3
1257723162692739074,3
1252305333063692290,3
1258460519708712961,2
1247111843539271680,3
1246537123815133185,1
1250428888926187522,3
1249274023638233088,0
1251152379631693832,2
1247256913957597185,1
1245905088683495424,1
1250698626558496770,3
1249668122434469890,3
1245020937646264321,1
1246317648541073408,3
1251000374007234560,3
1253396996284657668,3
1247326598547869697,1
1256601352253444096,3
1248298091330957312,0
1250094305483673603,1
1250413260165259265,3
1247245587667443712,3
1229175642899521537,1
1173048702887444480,3
1241906317939191809,3
1247711302686040068,1
1257310649140391936,3
1242071275058499584,3
1247138779141472256,3
1239995840309035008,3
1251162625972437000,0
1239395212910362625,3
1247558835746885634,1
1246517128213209088,3
1222298787458244609,3
1245180386163990528,3
1255158478852816896,3
1258155501390573579,3
1247455322769416198,3
1247207678411071503,1
1251126914561052679,1
1152362649440493568,3
1249739222489202696,3
1248641198396448768,0
1249693749841735681,3
1245855631241707522,3
1182102487874060289,3
1239975986805923842,3
1252214579049959426,3
1246107174570528769,3
1247427520930119680,3
1232611393083281408,3
1247394667802615808,3
1252969442046365696,3
1242583956580700160,1
1249598212073283586,3
1246086691837878276,3
1250140567926865920,3
796726500619939840,3
1249300774255034369,3
1246876344035823616,3
1245143326224941059,3
1245618006727618560,3
1247508019346276352,0
1246269082757992448,3
1254125896568655878,3
1258381122393776128,1
1247342345311395841,3
1246461804546531328,3
1244314434581016576,3
1255879099857489920,3
1247685761291304960,3
1252585564714475520,0
1177297029057396736,3
1257781760298901504,3
1245878060265676801,3
1232374966747828224,3
1237327062433759234,3
1247014113043083264,3
1246740609081266176,1
1246124721789378560,1
1246381299109113861,1
1239606432653139973,0
1258399784794292226,3
1250401138152783873,3
1242388913806888960,3
1233101452228169728,3
1243024197393268736,3
1238339529280327683,1
1240414736560291840,1
1247431477324845057,3
1233256097550667781,3
1247560524390375426,3
1234195906876059648,3
1246400896793272322,3
1239415904577835010,3
1243172990256373760,1
1228537126465064961,3
1258860367947673601,3
1242779919727370240,3
1245810229012361216,3
1249702273476898816,3
1247124501009235968,3
1250431956308742146,3
1247027457162530816,3
1247912510356848640,3
1244532155625193472,0
1181561345143136256,3
1244760595255066624,1
1252190484283494405,3
1245849907967266817,0
1249833930703933440,3
1256967204924522496,3
862299184464093185,0
1253468625303822336,1
1258443660569513991,3
1246536402180780032,2
1221724052957605888,1
1231354528840200197,3
1248058708040523781,3
1237087615226126338,3
1246620693850013697,3
1247368194920243200,3
1246432250268393473,3
1253232957533368320,3
1239999878480171008,1
1252882888225255425,3
1247496095934144512,3
1254974755217661958,3
1247272095685410822,3
1247795243270819840,3
995290017370132480,3
1207814273675587584,0
1240188893653336065,2
1246552748746817536,3
1240274165099311105,3
1243475515975106561,3
1246777428019642368,3
1249627722655191041,3
1255109171063775234,3
1250013160867803137,3
1247081691123978240,3
1247520796769161216,3
1249695276597575680,3
1251542985512230915,3
1250113245878210560,3
1257834883147169792,3
1247654873992245249,3
1246648113424551938,0
1247556883348631552,3
1244101963043741696,2
1179220262828613633,3
1247901352832847874,0
1247229597130858499,3
1233592997142548481,3
1247418576220422146,2
1253716440714223619,1
1242947478212804609,3
1224751456009576449,3
1253356101896146946,3
1254341244576133121,1
1244683727533473792,3
1246202451331624960,1
1238133905439375360,3
1246786697951506433,1
1257511379520630789,3
1235225831296950274,3
1246834907973738497,3
1248150888058892294,3
1247545537286541312,3
1246916975856701446,3
1246750222006484995,3
1250263648192225281,3
1249195773356630016,3
1251291304220385280,3
1240000915454734336,1
1242942390526259200,2
1247848976935718912,3
1246231619490516992,3
1243521223511998471,0
1243326870323486722,3
1247536816699240449,3
1247213915420925954,3
1254800566246670336,0
1244587008728719362,3
1237263980491505670,3
1242131323763843072,2
1248962833217392643,3
1249042036830994440,3
1252401976148557824,1
1247315032754528257,3
1247443990909276160,0
1242906970941685764,1
1245040371698147328,1
1249044979407872006,3
1255183770522705922,3
1253687640555245570,3
1249333068747485184,3
1249897844162433024,3
1239687429952503808,3
1139096086172377089,3
1257474165105479682,2
1239260270389866497,1
1247168218801885186,3
1235902277182877698,3
1246138083248087040,3
1258416423552065537,3
1248639337308270593,1
1252803609776893952,3
1223239430154194944,3
1251702068915494913,3
1247863025392070656,3
1256958088348827650,3
1246164999741018112,1
1250482049837916160,1
1241015842143375360,3
1251923762674614272,3
1245067330918498305,0
1220677631885996033,3
1255355385650860032,3
1255216264756310019,0
1249638359783350273,3
1245234523215978496,3
1248687523712434182,3
1242142711584620544,3
1246231311796375552,3
1246510296971296768,3
1242986574423511040,0
1246262129440821248,3
1249686421075525633,3
1183817648548630528,3
1227204519316074497,3
1247544577751494656,3
1247205118920941581,1
1246686705811415045,3
1246536403447660546,3
1252656191383179266,3
1245707930265178113,3
1246499448294957060,3
1243947417269161986,3
1233801990972506112,1
1246827958813126659,0
1247195624878903296,3
871545628714831872,3
1248342726925586437,3
1252260247378497537,3
1250005184262156288,3
1249580572902428672,3
1242277681217130496,3
1258668474051833857,3
1235367756901437440,1
1221693914194669568,3
1181163896628842496,3
1248962119481135107,1
1253751096499200001,3
1249584737301270528,1
1237634559799427072,3
1249264996728688640,3
1238028550801850370,1
1242482684309278722,3
1244964911597465608,3
1246491924049145857,0
1220338487225995265,3
1256416575466483712,3
1188157272981229569,3
1179608226880540672,3
1251890381442220035,3
1230099755897888768,2
1244970591079333888,3
1253440408027189248,3
1252654922841104391,3
1247886394313211904,3
1248642492360200192,3
1243006005257986048,3
1258706539982073857,3
1251430954616229894,3
1244191864695259136,1
1247152274775867392,3
1247369611173117958,1
1246967466833690630,0
1245328360965910531,1
1248917427775307777,2
1237211575766994945,3
1247297307923668992,3
1246913665112182784,1
1239416110585241601,3
1251089679535017984,3
1246448844734443521,3
1250777651129790465,3
1232822882205675520,3
1250023421502730245,3
1243258963606601731,3
1251142468176764930,3
1256115629964300292,0
1242748771164880897,1
1247670653278396416,3
1246116709401911296,0
1247968636406362112,3
1245384907133681664,2
1247312441287024640,3
1257766412409376770,1
1246462059870642181,3
1241253746698420224,0
1248210316388950016,1
1248427004954722304,3
1251983578923073536,3
1247228173584080897,3
1250952839939194881,3
1249286801581277184,0
1235530536543633409,3
1245822087736016896,3
1247146769491922944,1
1246666362581368833,1
1245066884619350017,3
1247184854694887424,3
1246036931986829319,3
1227598542795087874,3
1258708315548368901,1
1254023117380476928,3
1249459241108287489,3
1253762821827047425,3
1251776852575883264,3
1236358100984008704,1
1244079779688714241,2
1248902590320070656,3
1250897504020938752,3
1241868959261081603,0
1243900519506153473,3
1228037116329910272,3
1236837645076115458,3
1247733930469421056,3
1258187454361845760,1
1247750684910338051,0
1237410138366984192,3
1244965479661387778,3
1253292594664177666,3
1257287359546241025,3
1239276869146546181,3
1243580801746337795,1
1254110612289998849,3
1258764193064501249,3
1205856974405033984,3
1222652787999178752,3
1252689051724980227,3
1247159408309739521,3
1230992089057460225,2
1246153832620572672,3
1253596285652865024,3
1246675530059055104,3
1249667616253399041,3
1253653944586268672,3
1246553444145479680,0
1241847195776712704,3
1244041267731931137,2
1248363283993813003,3
1256068623262777345,0
1238703248191545344,1
1235947341976387584,3
1246930588629598208,1
1247829592154480640,3
1247200996322725888,3
1236076595716055040,0
1246235667115507713,3
1247935892876075011,3
1249330996249604096,3
1240362096476459009,3
1222185095295131648,3
1246158796268941313,3
1233227104168230912,3
1238293629237592066,3
1248299116708446223,3
1253227859415465985,3
1249679813809508353,3
1246307681880678400,1
1254520985220288512,3
1253654312829349889,3
1250877759431327745,3
1246343860156076032,3
1249380622524710914,1
1244295441673523200,1
1256104955930279938,3
1246819305297186816,0
1247267714055450625,3
1247170376754479105,1
1245142611918229504,1
1254035720781651969,1
1014898405628416003,3
1232744109141524482,1
1246410905350529024,1
1250372664113364992,3
808085490733842433,3
1249391778052136960,2
1247089315898888194,1
1246581065214558209,1
1246984996725723137,3
1251540744113881089,2
1228669015951839232,0
1245709292226961408,1
1247258784822693893,3
1252767092950122496,3
1245027117873737728,3
1246412664290660352,1
1256126008610172929,3
1258517572074397696,1
1253730245355507713,3
1239191659931467776,1
1247084647885844480,3
1241723513863647233,1
1247400594576416768,3
1253315432167112706,1
1254077161356636160,0
1254130844760932353,3
1253409691285274624,0
1258065884557406208,3
1242573197159079941,3
1250169948695076870,3
1242523369427415046,3
1246398335868682240,3
1254370650090811392,3
1246403889634643968,0
1248078733933756417,3
1248268649636528138,3
1253434052033409027,3
1249792826981957639,0
1246218510499446784,3
1246988335672963073,3
1253108247214436352,1
1249747825111400450,3
1246645797573165058,1
1247224552482111488,3
1233067400540585985,3
1246536449194852354,3
1254709371977768961,3
1252920888879702020,1
1249908750787342344,3
1250084954475765763,3
1246706529316765696,3
1247948972938989569,1
1246511620643328002,3
1251587087502946304,3
1245408878243823617,1
1182039992350072832,3
1249611950566199296,3
1239795650226782211,3
1247214310146945027,3
1254394799462875136,3
1247544189673508865,3
1252559295109115905,3
1252417320347033614,3
1245018297596329984,1
1249316795481313281,2
1247160816001929221,3
1255127397604737030,3
1241456951806038020,3
1250402810681856001,3
1252231753449660418,3
1256188170288447489,3
1246033414500876288,3
1258659761773522945,3
1247677889308315648,3
1228432923549782018,2
780883016604266496,3
1247990584532336640,3
1247260454218579970,2
1235645533751934977,3
1245977821358575617,3
1257638642543218690,3
1251836869995900929,1
1230935901783543808,1
1042300521208602625,3
1248129121592336384,3
1177338755306467330,3
1246064912268505088,3
1244938967113490433,1
1247157907596005379,3
1248277237054550018,3
1240720422674587649,1
1243154508668116993,3
1244427047050543110,0
1239771977356906496,3
1255470220585639937,3
1246763148939575301,2
1247259389406228481,1
1246090848598667264,3
1245798772271128579,3
1246906188022927360,3
1233524026103992320,3
1254661344281767938,0
1243023553370501120,0
1246925993237008385,3
1246468674174750729,0
1247202589390798848,1
1252253792898293761,3
1251553047639179266,3
1251180335473152000,3
1019786973660229633,3
1247510227014033410,3
1251876707503661056,3
1233938781616521216,3
1248039246029602818,3
1253612313954750464,0
1229975680617779202,3
1255824811089178626,3
1247448519734185984,2
1247142204910587904,3
1243683134358433792,3
1257135733942423554,3
1251989265560436738,1
1225884473742356480,3
1246933212258906112,3
1245675493724164096,1
1247487769758359553,1
1250067099197857795,0
1245848087379226627,1
1249770643085721600,3
1249465624780251146,1
1246000671519911936,3
1253450630498312192,3
1252614329448439809,3
1246991431069286400,1
1253329239358623746,3
1244929236495990784,1
1247393549336920064,3
1246513446780272640,3
1249089013463552003,3
1247453322522607617,3
1229217617811996673,1
1247521478788050944,3
1246514064303497216,3
1233631099932303361,1
1249683972344463362,3
1247176749814816768,3
1246198555376857098,3
1248732101957967872,1
1248182126849204226,3
1247832375821819906,1
1248989203570049030,3
1252409259507109890,3
1253825424976539648,3
1245353935696613377,1
1247191625853517827,3
1242930293255921664,1
1222012378994237440,3
1251612632915853312,3
1238907037637054465,3
1249533961916866560,3
1256236854405455875,1
1233461552227004417,3
1224798950533844993,3
1243509453040779265,3
1249774511760838659,0
1258066875256315905,3
1247392532671148037,3
1246159176495181835,1
967472276189995008,3
1247901704240021506,1
1256053812760137729,3
1246135433320431619,3
1247917367704707072,3
1250999691803717633,3
1257448180406460420,3
1255207454499057664,3
1237805432372170752,3
959106752787730432,3
1245914261030752258,3
1248403337214431233,1
1256125405376983040,3
1244673411302989824,1
1250002870369386497,1
1251151395111055365,2
1248702914069180418,3
1223029423068327936,3
1229175029864239104,1
1250517913460563968,3
1245614923117293573,3
1246890459420598273,3
1246112920150462465,3
1250286982678249474,3
1244819885219340288,3
1246151116599037953,3
1247197867720179712,3
1249922860379820032,3
1251563651988885505,1
1242754979452067840,3
1247070971082784768,3
1244285755075092480,3
1247939928077602826,3
1245486736685158402,3
1255950790373629955,1
1236022868913410048,3
1251422392880152577,2
1252180305714298886,3
1248754523461410817,3
1247470351166124032,1
1249687472944136193,3
1240337087699857408,3
1247096253944680448,3
1250870966206398464,1
1241480240054009861,3
1247677253648912384,3
1243268297115807746,3
1240389702638804994,1
1245639418012004364,1
1244030227900227585,3
1246543836609941507,3
1246182062257778688,3
1250529436035723264,3
1247769770281168896,3
1244571040858222592,3
1253473173191880704,3
1246831117308768256,1
1246189155773829120,3
1247104621635665920,3
1246316190353575936,3
1250325270076121088,3
1246460085578149889,3
1246699355291226112,3
1246315714253934598,3
1247755284933566466,3
1250552136737357827,3
1248329972995014662,3
1248707317836574720,3
1233403109038346246,3
1246550567054426113,3
1246304886083346432,0
1245942507235684352,3
1246752927890497538,3
1248687161081241601,0
1246185155489865730,3
1247662282294820866,1
1242119751142240257,3
1250102523412840451,3
1233744296551026691,3
1251505152089038853,3
1245726748395876354,0
1247981496536911872,3
1250603413160833025,3
1247366564917239808,1
1252295146961592321,1
1221197064740143104,3
1238296753885118466,3
1249416694570901507,3
1247273791916572672,3
1248351330944638977,3
1247581137825824778,1
1246337981021138944,3
1251023936818688004,3
1239162846325456896,3
1247255471540580352,3
1246517941853499392,3
1246695533407883265,3
1239935203520339969,1
1235590661258133504,1
1247120078409273346,3
1238058027510575107,3
1248764419217203202,3
1247476232142422016,1
1249732676451553288,1
1241447287399669760,0
1253729007528361990,0
1233769474869940229,0
1246897070671196161,3
1246115401886584840,1
1246412280687968257,1
1177340536799129601,3
1239551542056955905,1
1246035394573094912,0
1238393718727561216,3
1247212601085435904,1
1245946842879340544,0
1246463716524281859,3
1214103387056332801,3
1251150716594339840,3
1255137384791855113,0
1244837166645157888,3
1248097828955729921,3
1246651564934057984,3
1247277066120290305,3
1247193338672889862,1
1240207011561852929,3
1254295798759731206,3
1248250958598950912,3
1245744404700319746,1
1246595108364935170,3
1246649280921731073,3
1247342039324192768,0
1222128882830258176,3
1246974862977097729,1
1245465361085915136,3
1257339790908952578,3
1249410782930046981,3
1249802412115800071,3
1245797533181501442,3
1246728306608791552,3
1246088597826088960,1
1247255222893924352,3
1248263906000240640,3
1258268118201372672,3
1246976449262673921,1
1249683364434583554,3
1248509821684514816,3
1246121585494368256,3
1251035680685383680,3
1254159045897879558,1
1225728755248828416,3
1241565460870692866,3
1245350461273767942,3
1252399436195495937,3
1249724675233636353,3
1246385955726114816,1
1247281743805243392,0
1247200363767369728,3
1247447772825034752,0
1247318841702723586,3
1251566713264455681,3
1246191300342317056,1
1245239457256574976,3
1112374523322617863,3
1249476820300369926,1
1245730316356026373,1
1249719552205864961,1
1248191463365783552,3
1248101665280008192,2
1247011064950206467,1
1245107382209970176,1
1248646025025400833,3
1247616242153934848,3
1252336378626674689,3
1251556793861525504,1
1249237998459400193,1
1254183097320591360,0
1226053049875128328,3
1242661384464338945,3
1245300588088303621,3
1236969932216131584,3
1098503950809079808,3
1256336830439419904,3
1246033722891276288,3
1245052923811450880,3
1246757422947074048,3
1253392881781485569,3
1247822587956211713,0
1256071017535090688,3
1256199023553327104,3
1235127948912586753,3
1244748207160090625,3
1247406995625463808,3
1248508404416630784,3
1250234532885712897,3
1251355296968126464,3
1243919903234625536,1
1255587199052943360,2
1237915293562703873,3
1248395958984962049,3
1246127741960945676,1
1245677946557300737,3
1247555041206075392,3
1253402182772121601,3
1250572719382425600,3
1233415051987603464,3
1258379892720361473,3
979106556934582272,3
1242341724036517888,3
1249690750566219777,3
1239524335636930565,1
1252167403414458369,3
1246548858336727040,3
1237966113700446219,1
1251648987385540614,1
1251534155738947585,3
1247531594274897922,1
1249782145771503617,3
1243817609767858177,1
1247361286511493120,3
1253738731900723200,3
1153190578986868736,3
1248359096312647681,3
1247549791095214080,3
1246954941157117953,3
1224647100878684160,3
1253705081410785281,3
1246827022887903232,3
1239632515565883392,3
1245604262488375296,1
1248296960303534080,3
1247258685702799366,3
1257103323989258243,2
1249743092988575749,3
1247033032202043392,1
1252024184198365184,3
1254351150607855616,3
1240425976657412097,3
1235503743828975616,3
1253837963991093257,0
1257361411052908545,3
1246277746176610304,2
1243470971903696896,3
1246209397438758912,3
1243582211359674369,0
1250797367303045121,3
1249095707757359116,1
1238592021436268550,2
1242608598154457089,1
1258749867893100550,1
1247115474015522818,3
1244812383576612866,1
1246930452407037953,3
1223371470241517568,3
1253086628370776065,2
1240193434918555648,1
1247265871715852295,2
1249378668499152898,3
1245956027322789889,0
1237642492557717506,3
1231270075124113408,2
1240621902458163201,3
1251633650128519175,3
1245722543266369538,3
1250235942276915202,3
1246962340555370496,1
1246233161689939969,3
1246495531486101506,3
1246208034273198086,3
1257231902177705985,3
1248168015620968449,1
1256348356558888963,3
1252330872662966272,3
1248330202310217733,1
1251595550941679618,3
1250098896308776963,3
1232395002485104641,3
1245721829278396416,3
1246870181197930496,3
1239584634301751296,3
1246431881803022336,1
1252148310766477312,3
1256646200910057478,3
1247614071723012098,1
1247615112069906433,3
1251646094502588416,0
1236213284421988354,3
1247283990916104198,2
1250376862364241920,3
1238425637100101635,3
1252205155375865858,3
1253155143316578305,1
1249219315003527173,0
1253487363344478208,3
780598487729729536,1
1251800568068141056,3
954725996598628352,3
1243881342066180096,2
1246460944839999490,3
1192431712078352384,3
1255407804678049792,0
1246382981813600259,3
1230554753182003203,3
1239628606961266691,0
1253022068091891719,3
1233023910892986368,1
1246510904935620608,3
1246524187499520000,3
1242601586318139392,1
1256664517016080384,0
1241495445345579015,1
1248544174296698880,3
1248258539149295621,3
1231308393828188161,1
1244317990377517056,3
1246708503663857664,3
1248536065465614336,3
1244172551523352576,3
1247900408749555713,0
1245185093595017226,2
1247847438624456704,3
1239041504515063808,1
1249598512427347969,3
1244711021060767746,1
1233310601646137344,3
1246514939243769856,3
1255952976209944577,3
1247966439102910466,0
1248036524354084865,3
1244985271285878794,3
1240727982269812736,2
1247420071129034757,3
1232721805166759937,3
1201794592552767488,3
1247411160409874433,3
1241464646009323521,3
1256365307716919296,3
1254107652986191876,3
1246865349733203968,3
1238053097383112705,3
1246400957442920449,3
1247178035868073985,0
1254955671486967810,3
1246900371706036228,3
1247962459421491200,3
1242066314065252353,3
1246669403644669952,1
1250327092656353280,3
1235157563378892800,3
1249819148638507009,3
1245118172988047366,3
1244717486471290880,3
1241105344534908930,3
1246775034548551680,3
1246216765199093761,3
1251254839281168384,0
1246475044211097600,2
1254026734489481216,3
1230809576284606464,3
1246428184276619264,1
1248132894859517952,3
1246508276965048320,3
1247808592419274757,3
1225987617679958016,3
1241136094994931712,3
1248906833273602049,3
1249334878715379712,0
1234936431463849988,3
1230228808478777344,1
1257704878492790784,3
1232528087205777408,1
1249388601802186764,3
1249614918757875714,3
1245808469891895302,3
1237777407047880711,3
1249852884516253698,1
1247582869045813249,3
1239683437725958147,0
1254220044592205827,3
1257788671777964034,3
1248324637601169410,0
1251985240563695616,3
1234716155383832576,3
1249658298628014086,2
1248363769991847937,3
1247457852089925633,3
1246329664190271488,3
1246450013900857344,3
1239958041870495744,2
1246788313132019715,3
1232652371832004608,3
1242637501115691008,3
1243217019962621952,3
985889027114131456,3
1166178375536451585,3
1232903382056214528,3
1247081838717345792,3
1237443985557180416,3
1247977776134500353,3
1256607115285794816,3
1233857285459447814,3
1247292913484206081,3
1246735752471425027,1
1251896750484393984,0
1227454423699509254,3
1242245295125090304,3
1247284888790843392,1
1253655568302190602,3
1253716821276069892,3
1244930374779785218,3
1246543042296807424,1
1254158530149580800,3
1249377975457452038,3
1246823643507765249,3
1253171062914682880,3
1248188759700410369,0
1248094380671500292,3
1251076683479887879,3
1246361710350475265,3
1255271782782820352,3
1256862441788575744,1
1246520511699595265,3
1227250530474438657,3
1233105718628188161,3
1246057583506579462,0
1258005280757092353,3
1247534095212535809,3
1252535723514900480,3
1246214635386257416,3
1256214140546420736,0
1250870239832666112,3
1246435028160176135,3
1257790016929103873,3
1245814511266742273,3
1097870074583678976,3
1250544023980441603,3
1249989323488886786,3
1255675236848218114,3
1239669547331878915,3
1226614027255787525,3
1249028457373167616,3
1255095899178651649,2
1253363615572406273,3
1258745073828798465,3
1258780919789469703,3
1245098144876068864,3
1258761993701466112,3
1246487405403598851,3
1249028345100107778,3
1253477720148729857,3
1241796497974464515,1
1237515988628889601,3
1249178618460340224,3
1247618771763769346,3
1249335314906148866,3
1244350351978958854,0
1246694188873216004,3
1229634866863468545,3
1246153377689395201,3
1247097551091834880,1
1246863390330564610,1
1239803257674805248,3
1223962930233761792,3
1251535475661246468,3
1249725032554782726,3
1242187412010401792,3
1246360627435667456,3
1251541185614749698,3
1244509992604049416,3
1231245895032823808,3
1246331706258456576,3
1256288504587280384,3
1247138649445216256,3
1248791121330728960,0
1251602674975473664,1
1248813473137598467,0
1231194101825114117,3
1247089621097422850,2
1255206420875825152,3
1241337295606657033,3
1224762580163530752,3
1246780116081967110,3
1246182289853370368,3
1246448272471994370,1
1246767168857018369,3
1244101142289793024,2
1240391000247480320,3
1254610478904553473,3
1253639088118263808,3
1242712688339320832,1
1245102393030819841,3
1247909466948993024,0
1249968827049431045,3
1246326465601376258,1
1237442858438799360,3
1251454080767209472,3
1251639159325941765,3
1247251115189641218,3
1223753945299816450,3
1232261426187816961,3
1246854709018853377,3
1237413309789306885,3
1258620646420099073,3
1249735684903993354,3
1247491448515235840,2
1249689420678270977,3
1255370357680287747,3
1246115666869932032,2
1251491817339707398,3
1247431894825918464,3
1256221995710255109,3
781610025630339072,3
1237315330134900736,3
1242952615694123010,1
1245479371164381185,1
1233996741697056768,1
1239695181957513218,3
1248522585656242177,0
1251355856932757504,3
1245805486013919232,2
1251597617651486722,3
1247833822235770880,3
1254042874213269504,1
1244996243610271746,1
1251578768533204992,3
1248291427848781824,3
987152650637627392,3
1247493088156794880,3
1247408233616203776,3
1246524137981407233,1
1245772007867854849,3
1237966156822175744,3
1247126766751285249,0
1251947991075864577,3
1242365461322280961,3
1246831584159940609,3
1254141862333632512,3
1247214051177967617,3
1246367328075382785,3
1247722768738570242,0
1249727495449935873,3
1252537219597950976,3
1242234984972218369,3
1241818761734377474,3
1243271631935606784,1
1246395883312369664,3
1255745653658927104,1
1254519431927140353,3
1247164450878246912,1
1246367493968576513,0
1240365942573498371,3
1253163957155659777,0
1247540344847093760,3
1258136027224510469,3
1245180889752989696,3
1251881483016507392,3
1258188685146836992,3
1241094691208257544,3
1247542346423517191,1
1246137934996221952,3
1246454362362314756,3
1255397729167118336,0
1246963848567029761,1
1248353024910733314,3
1189947865629646850,3
1247603953568813062,3
1258161809737072643,3
1248720134010789894,3
1238185576618053634,3
1235201522407002115,3
1249291902819721216,1
1248593353689661441,1
1223794119291502592,0
1244690571580649474,2
1252629165183864832,3
1244714550907322374,3
1241771156048396291,3
1248315706648571905,3
1245654777725194246,3
1246526993425928199,3
1245647080296566784,1
1247487120433909760,3
1239574164157186050,3
1240247157657145344,3
1246604099753316354,3
1243436480405610497,3
1240405470810169345,3
1247454524089831424,3
1234832685295636481,3
1247704414657425409,3
1246283893306728448,1
1235083359501430789,3
1253235757340340225,3
1241427032229269504,1
1245331053864275968,1
1257083813261262850,3
1248106265378729989,1
1246804007659524096,3
1249729178397802497,3
1251985129528049665,3
1257870282322132994,0
1244684602112958464,3
1233390558707666944,3
1231796047053148160,3
1225373601529921536,3
1246517706838376448,3
1236138442037305344,2
1253680802380029953,3
1255284367141867523,3
1233943663149027329,2
1249287409927364608,3
1255694616340254721,3
1226101406630862849,3
1247219071738839044,3
1248379306281033732,3
1247160933916348416,3
1258229578130010112,3
1248300314211614720,2
1250856143599042561,3
1239427193945485312,3
1249707896348147713,1
1247201714677129218,3
1253286217392816129,1
1252022231200337920,3
1247141064433156096,3
1252077674769469446,3
1240318148307492866,3
1247230139466989569,3
1240298008975044609,3
1240433634823331841,3
1240433880831844353,1
1247569588642099201,3
1246457182427549698,0
1250296194581925888,3
1247508667777286144,2
1247504620622094337,3
1246694521766907909,1
1232641158171578368,3
1243165966013550592,0
1249730952328122368,3
1240147908466552835,1
1244671790850478081,3
1246713718592978946,3
1258366850267824129,3
1247437039664091140,1
1246509119273664519,3
1249063082875392003,3
1248724228091924482,3
1247322170809888768,0
1246190187148906497,0
1240075151561162752,1
1249663218894635009,2
1250712261964038144,3
1252171757148086272,3
1249840127117004800,1
1252448230031470592,3
1249136157692178432,3
1246384111536742407,3
1251213476187406342,3
1230685564090736643,1
1246379033174118400,2
1258098464271093763,3
1248602671860158467,3
1251727605616836608,3
1247137321453080578,3
1240692360532471812,0
1245979814009409536,3
1251939467277066240,3
1254475352916836356,1
1244056534583312384,3
1251661958480347140,2
1251112376159686657,3
1238218314037551106,1
1246522065374584832,3
1244901765289586690,2
1249033377270976515,3
1239907845719691265,3
1257441496057491458,3
1240490851219968002,3
1247457277298212864,1
1236437375238025218,1
1247401021854400513,2
1258342182370586627,3
1231775758604877824,3
1247107642541182977,3
1244346591928037377,0
1239622097418227712,3
1244654630031654913,3
1250016242041147392,3
1253122733812051969,3
1234444008543465472,3
1252580962841624576,3
1255132882214940672,3
1249679952930357250,3
1246817889518305281,3
1242410123705925632,3
1247251614030848002,3
1247877082815901697,3
1226418636920774658,3
1246695194755584001,3
1227028094424354816,1
1246917843943391234,3
1246518795478458368,3
1251060455881277450,3
1257972843410862080,3
1254771246140555267,0
1249646962976026626,3
1249699807062605824,3
1258466415155261440,3
1246091264090607618,3
1242618815155970048,3
1248200257860706305,3
1253458018974523396,3
1142912558753439744,3
1246592868552237056,1
1243416931274608640,0
1230982069301329920,0
1249249507189166080,1
1245286812714708992,3
1245710620470771712,1
1250506886132240384,3
1248974225710465024,3
1244045963347423232,1
1231848175125893122,3
1250548786796982272,3
1229513746260865032,3
1250010646806216704,1
1250061206641168385,3
1246099352218566656,3
1248191831478882304,1
1251965624500260864,3
1234233132561223680,3
1242151818014216193,3
1244379767823929344,3
1245306690356031489,1
1247754110620688385,1
1246479251186036739,3
1244906637233516551,3
1248333799945056256,0
1239843843060781061,3
1237936332950757378,3
1247521709537673218,3
1227567579297992704,3
1254049686790561793,3
1245948908137668608,3
1245414302737104897,1
1248307158803976193,3
1247111932848603136,3
1247881614551584768,0
1245758091045548036,2
1243245628471336963,3
1248394067316097026,1
1237204578275405824,1
1248342156869275650,3
1246115237704749056,0
1245858378963759104,1
1248252430736900102,3
1235719865174036485,3
1246695705634394113,3
1247133143976620032,3
1247625423611219969,3
1249612777037139970,3
1125623549597761537,3
1251259848274014208,1
1247378409841459204,3
1247821502487113728,0
1245987022302515200,3
1247253256033783808,1
1249488007184474117,3
1247671715586588674,2
1248348588343779330,1
1238689921885523969,3
1242847552413880320,3
1240674190258307072,1
1253310177840893955,3
1247408653956575233,1
1243776167963963393,1
1237732106438094850,1
1251215426803183616,1
1235998629732790275,3
1244338191676534784,3
1250114569026101249,3
1223667515336863745,1
1248834975736233984,3
1224076746460475394,1
1242541953448841222,1
1246824518271864832,3
1238182236605865985,3
1246416724993269760,2
1247371446646693888,3
1246906175838228480,3
1247810418803793920,3
1246093620257546241,2
1244653282678603781,3
1251116918737711104,3
1246093638142251008,3
1190726591279710209,3
1251186179548033025,3
1244901266620219393,3
1256098364434907136,3
1249800323948052493,3
1252898409729740800,3
1247260859602219009,3
1222906009829568514,3
1247163119228588032,3
1254602141907460096,3
1224894316163846144,3
1247439308878942209,3
1255743612014526474,3
1244180634873901056,0
1246400273075048448,3
1246986046069452802,0
1247990657328742401,3
1238143867804889098,3
1243975234203668481,1
1245533982541991939,1
1247604500925382656,3
1246457825720553472,2
1245480646706855936,1
1222930537574088704,3
1254706069647081472,3
1249300466065764353,1
1246716053893386240,3
1243570850852245504,3
1243593372142534658,1
1235466918816960512,3
1246965344305967104,3
1255894707223363584,-1
1249391074889646081,-1
1247615135662866434,-1
1255526131375144963,-1
1246234103717998592,-1
1251672397180219393,-1
1247125936740413442,-1
1246125909079404547,-1
1246527441352437765,-1
1251936717805891590,-1
1245908815897296906,-1
1248659892879208454,-1
1247734380052660225,-1
1254648192794148865,-1
1250029730776170498,-1
1252302090224963590,-1
1227306632687779843,-1
1246169884481982472,-1
1245901273578209282,-1
1248915812666114051,-1
1247948065639628802,-1
1239338198897131524,-1
1251259094712963086,-1
1248389071543521295,-1
1252718820202086402,-1
1251794643345424387,-1
1246815697860100101,-1
1240445800292941829,-1
1246021542816989189,-1
1228215960693137408,-1
1164892228638130182,-1
1257427015252262919,-1
1230375825909829635,-1
1249787609783697415,-1
1242555346486472704,-1
1247307044765433864,-1
1222213998944358400,-1
1249590045289385984,-1
1248570637968441345,-1
1247050357810827264,-1
1247116056881233921,-1
1244306754374111232,-1
1246840070918803456,-1
1246918781290627082,-1
1248451571332964353,-1
1246242605207183360,-1
1246441188128952321,-1
1245077221619851264,-1
1251678528912920577,-1
1250944051878203393,-1
1258070536300695553,-1
1251823426131628033,-1
1258555084104925184,-1
1248379966162526209,-1
1239253914597408770,-1
1236404186398384129,-1
1222728036354838528,-1
1254648874406416386,-1
1244683149998723074,-1
1247145769431371778,-1
1247861967106314240,-1
1250804812897292288,-1
1238114038141390848,-1
1246966743559540736,-1
1250112980831866883,-1
1243228279387181056,-1
1251935883214966784,-1
1248926351006093312,-1
1242194715845578752,-1
1247034646069678080,-1
1251644022025850880,-1
1233826374764433408,-1
1242946976196562944,-1
1250448612783525888,-1
1249360949859045377,-1
1245348742833885185,-1
1251574087354404865,-1
1245307110654709761,-1
1235766280927547393,-1
1246923848949338114,-1
1248234104463790082,-1
1246545789863825410,-1
1242536905574617090,-1
1224082174296674306,-1
1251845027774500866,-1
1246568648967360514,-1
1247049565347418114,-1
1247579235876769794,-1
1234316917814579201,-1
1251607390748839940,-1
1249686330361237507,-1
1245798279335628801,-1
1244464423135334401,-1
1246411088243183617,-1
1251602011004506117,-1
1236943098103713793,-1
1248555997842608130,-1
1245029546128281602,-1
1254223497766866946,-1
1246470183692242950,-1
1237011426834878470,-1
1240374615664480262,-1
1242644641792421888,-1
1240346659936038912,-1
1241076958835798016,-1
1247092284140781569,-1
1240810470296244226,-1
1246339872119574530,-1
1246235813333082112,-1
1244931630751457280,-1
1248693200602177536,-1
1247125085925842944,-1
1246834558424809472,-1
1233617471636152320,-1
1246393513970933760,-1
1249362435733102592,-1
1239665715415642113,-1
1244748936545333249,-1
1256394806034681868,-1
1222099104882417664,-1
1253056770601357313,-1
1246128560214962176,-1
1254573670615281664,-1
1246569967258083329,-1
1258699559456382977,-1
1251913950893129730,-1
1247849063954989058,-1
1253440876375916546,-1
1246142050522849280,-1
1245039617889492992,-1
1251960946249129984,-1
1252526337404919808,-1
1242578268714393600,-1
1246031414971322372,-1
1252519316668379136,-1
1239529538075451393,-1
1246402939268325377,-1
1249692944640204801,-1
1246346745996599297,-1
1245993195210563584,-1
1254320776376918016,-1
1254352227097026560,-1
1238584483965624320,-1
1237511936746512384,-1
1253320784832946177,-1
1237851824318636033,-1
1221163860389847041,-1
1247946782425964544,-1
1246171294367965185,-1
1247546085578547202,-1
1249732904286068738,-1
1246027652781219841,-1
1247637447141449730,-1
1239392690434957313,-1
1244695844109967363,-1
1246355947980808194,-1
1246119990392217602,-1
1245075353279881219,-1
1246081019943571457,-1
1242535428059734020,-1
1246116953774792708,-1
1237933255137124359,-1
1249540183390859264,-1
1245852358577455105,-1
1246382452651819009,-1
1245895041412988928,-1
1251633371157016576,-1
1247067837564366848,-1
1247091638532485120,-1
1253971065375731712,-1
1234200237763248128,-1
1222880364084903936,-1
1237709510556303360,-1
1246546556578217984,-1
1248812921632636928,-1
1236636859960180736,-1
1232958944487718912,-1
1235419427245441024,-1
1246893772752863232,-1
1239396587719147520,-1
1235899233124794368,-1
1246449047256403969,-1
1250460442100563968,-1
1240110598936920064,-1
1245078044592701441,-1
1246119294167068673,-1
1234933584760320001,-1
1246138447158489089,-1
1253093096625143808,-1
1247577523245858817,-1
1258133844240171009,-1
1244807753723523072,-1
1245191627586646016,-1
1258211043878350848,-1
1240334710309416960,-1
1256963489358327808,-1
1246364501177446400,-1
1089460888120242176,-1
1247439793480511488,-1
1240187875062317056,-1
1244328960772567041,-1
1249361877534158849,-1
1247434170428731393,-1
1246513176574930945,-1
1256901361213550594,-1
1246861576713515009,-1
1249822508347355137,-1
1246769540693995521,-1
991271305306664961,-1
1246080205715845123,-1
1254055832700039171,-1
1226622413229527040,-1
1242080306137427970,-1
1252691662658318337,-1
1246402488854622211,-1
1247220517435854849,-1
1247257307131654149,-1
1228048489126318080,-1
1246490420218974208,-1
1240650091242737664,-1
1247372379275374597,-1
1254915555389210625,-1
1246924092680417286,-1
1241107447177261062,-1
1240252805094440961,-1
1245309135622635521,-1
1257006725129023494,-1
1244881513709174785,-1
1245262902669475841,-1
1258751905121042433,-1
1249427812051759104,-1
1246907216290033664,-1
1244926188679770112,-1
1244347196990017537,-1
1243649953576235017,-1
1247194562172420098,-1
1253787520069926914,-1
1246711938588999682,-1
1248271667744342016,-1
1251033285578326016,-1
1246631765118078977,-1
1246546247122472961,-1
1250668270027329537,-1
1250854131226591232,-1
1240578242819604480,-1
1245244498051022848,-1
1249740275536314368,-1
1244364172684431360,-1
1246740961276952576,-1
1240601529721257984,-1
1241560591329886208,-1
1238398496161628160,-1
1245163765383004160,-1
1246292500383498240,-1
1240717418168811520,-1
1248896824427118592,-1
1255800087034429440,-1
1248345982615633921,-1
1247484715386486785,-1
1248324462300315649,-1
1237452508265459712,-1
1255346427204636676,-1
1251789896571912193,-1
