692437800881410049,0
1257573808837279744,0
1256660910476795906,1
1255853725412982786,0
1232939280860729344,0
1252247471163691008,0
1246342823030534144,0
1245400910836174850,0
1250465263046311938,0
1258495390871097344,1
1246447585566642177,0
1233705482755485696,0
1246472853148643329,0
1247146530307530758,0
1246338915180646400,0
1245850347488370688,0
1245993155926859778,0
1250201032690368519,0
1238110096334479364,0
1236104646504022016,0
1256595942901460992,0
1247040307100815367,0
1257183756160507905,0
1247722577843359744,1
1244351222213206016,0
1244909857624535040,0
1250317021004197889,1
1240237992872157185,1
1246841213531172869,0
1245086661874253826,1
1247279621810331649,0
1236111257901678594,0
1256885125213589504,0
1246835349747314688,0
1134256181462085632,0
1247425267305455616,1
1244905726201466880,0
1246157564808777729,1
1258432649061949441,0
1246156167665106945,0
1249027180283039746,0
1245019036574003208,0
1243503999355150339,0
1247400703972302849,0
1165062208163762176,0
1248824363543117826,1
1243299007759343616,0
1242409032079552515,0
1232372662002950144,0
1247780390556717058,0
1248224503504809986,0
1247366908380250112,0
1250695803305426944,0
1247421478322274304,0
1251202767928135680,0
1248888840842031107,1
1222938696472846336,0
1251639034511794179,0
1243182756710014978,0
1246141504973750273,0
1241454267183046665,0
1177539052683309056,0
1238386920855666688,1
1245778765520818180,1
1249655730581405701,0
1249538997350629376,0
1258196789607497728,0
1224841816769474572,0
1246561443090178054,0
1255243571592073220,0
1258179709180887042,0
1245072886366380032,0
1155142342044782597,0
1251139311681978373,0
1246169793549533184,0
1255976675252158465,0
1247119028495306752,0
1246139970730983424,0
1249640419199197184,0
1242438522876854272,0
1248230970844680192,0
1237370879438393346,0
1245100865247158273,0
1246197426060484611,0
1246747611345936385,0
1236073292055957504,0
1250145596444418051,0
1248541311914762240,0
1253724561381765122,0
1251568062387511297,0
1252233797375938560,0
1255922000943616008,1
1246097480904773633,0
1248587275145011201,0
1240023115222089731,0
1250723619996676102,0
1150208561949138944,0
1246653728905736193,1
1258558082336112640,0
1247073093467734016,0
1252242904321589249,0
1237386458010247174,0
1235207700667076609,0
1229438680265379841,1
1255298032654049282,0
1245098230465138688,0
1248288535129571330,1
1253434583082602506,0
1250544519042535425,0
1246556171156283396,1
1247528198155300866,1
1240245771271839749,0
1249081029333323777,0
1247238163942313984,0
1242446975817089024,0
1237984616377487360,0
1249627375102550016,0
1258571667359531009,1
1250116811812732934,0
1255520947240607747,0
1254582299523416065,0
1253344833021902853,0
1247571897212157952,0
1249346693834911744,1
1239254913147973638,1
1242811947378229250,0
1184373448061128710,0
1251732448658042881,0
1248252207457341440,1
1238181261061042182,0
1248210652730138624,0
1245187577226936321,0
1251201247601987586,0
1249419588363849731,0
1246118081581195264,1
1246477731862380551,0
1247448008402382848,1
1247459795096997888,0
1244941448723791873,1
1249761784409489408,0
1249736232415813632,0
1245665968392736769,1
1248144611241070592,0
997208725000769537,0
1246180745384787968,0
1253104133843890182,0
1246462745513508866,0
1246461495258554370,0
1257290690414948352,1
1221927767966699520,0
1247612129244372993,0
1250070338207178752,0
1236366236453351424,1
1245055925288747008,1
1246489563767267329,0
1017284899210919936,0
1246813712020901888,0
1246755881947140097,1
1233167042267635712,0
1244982597744295937,0
1246984094858137600,0
1245956349516828673,0
1224333398375849984,0
1202096500446318592,0
1248173990981533696,0
1247485587566755840,0
1247201706678476803,0
1246772237769859072,0
1076404460807548929,0
1238797497969119232,0
1245433131387236352,0
1248284293035634690,1
1246214718508990464,1
1245314814282551297,1
1239473022962225152,0
1258114207536447488,0
1249451368852516864,0
1234148413731745798,1
1249898057451241473,0
1237752195682009089,0
1235985860501397504,0
1239573274432024578,0
1254161853896245254,0
1246552385696215041,0
1222644337185632262,0
1247367342830407682,0
1251591265893912579,0
1239022761995055106,1
1247213085221404679,0
1245248851335757824,0
1245828029542215681,1
1247709171660795905,0
1227986466061606912,0
1248650607025676289,0
1231675050304122882,0
1245237489721389057,0
1251672017604169728,0
1248160710397431808,0
1247591518329810945,0
1249986806172585984,0
1252632192326369281,1
1242689305945886722,0
1246403892168007680,0
1240395593362616323,0
1236616461625561095,1
1253642221313617920,0
1236186179625680898,0
1252174559073062912,0
1239653798425120776,0
1249229178270035968,0
1246119292502003713,0
1258347322213388288,0
1248168534263443456,0
1253083271996596229,0
1250586995568660480,0
1249280637359489025,0
1250239675479887874,0
1241666778532581376,0
1246831845783875586,0
1248730720580714498,1
1257792804413153282,1
1247824524026011648,0
1250331724510158848,0
1236038189917163520,1
1247807582934151171,0
1246141940099358723,0
1250748598863761409,0
1229847955143872512,0
1245035222862909440,0
1250359473878618113,0
1238615797028679681,0
1252629532328128514,0
1237416599667314693,0
1231264703319543810,0
1250762807529922560,0
1241653261897216000,0
1258079969667768321,1
1245950657363763201,1
1252166443636056064,0
1249200116667424769,0
1251248098569064448,1
1032581445351550976,0
1244446119452696577,0
1246075320987312131,1
1248726474263154688,0
1254905717372452870,0
1250471958099173378,0
1246298252091076609,0
1233841822675488775,0
1245053208986345475,0
1252779962077151234,0
1247416151648243712,0
1247108716576550913,0
1237448772440948742,0
1244649221631901697,0
1247306338386001922,0
1251910695240728580,0
1252035304950644736,0
1252524769469227008,0
1225950670471086080,0
1243950561814294528,0
1253189330723471361,1
1247186201909567488,0
1247202070031142914,0
1237399020923801602,1
1256960686640463874,0
1257248397028929537,0
1247971166247157760,0
1255670976999755784,0
1248191348039208961,0
1237828366767702016,0
1247439268320026625,0
1237072567590178816,0
1245746141452517376,1
1244281745152905217,0
1215762050871373824,0
1250864514951557120,1
1230864644413194242,0
1242787056239157250,0
1246496508729528321,0
1252239916152401921,1
1247544997966200832,1
1248386268754403329,0
1247908335157993474,0
1250467601374994434,0
1241566718629158912,0
1250397517533061122,0
1250276301786632194,0
1246116471958274050,0
1251335127331942401,0
1254074242905366528,0
1253003740665217028,0
1250239956636721152,1
1247217484807262209,0
1228431219576233985,0
1246916315044085762,0
1221779340590895106,0
1246400983556554755,0
1247213630724194304,0
1236473220783636481,0
1245891526892363776,0
1249032808456019970,0
1250683000511180800,0
1257548565578121221,0
1230404791286804481,0
1247243424065040385,0
1245466020053164034,0
1246111719820124161,0
1242807745155338240,0
1249675390219583498,1
1248837688637046795,0
1245630706484563968,1
1247236184344006659,0
1256974096765779970,1
1246909251303305216,0
1246935661128671236,0
1257953064176271362,0
1235921099143163907,0
1247539308472352770,0
1251156258960232448,0
935499923155537921,0
1240474159777550337,0
1251139947446353920,0
1240798441975853057,0
1255177598600130560,0
1249986050073792513,0
1243573840296521734,0
1247196531008159746,0
1246527569903726598,1
1247448939609153536,0
1249820750657224704,1
1257861949666275332,0
1239370638231506944,1
1240175214266167296,1
1247177193408663552,0
1249099716689661952,0
1254065880624959488,0
1246462444391759872,0
1246217613702823936,1
1245055967974305795,0
1249373727030206464,0
1246116478610477063,0
1257935388800360448,0
1248889702788161537,1
1205672039425740802,0
1196148537525977088,0
1240547718046650369,0
1239581405937573888,0
1251995381661040642,0
1245431758415450121,0
1246367450884640769,0
1239314007544086531,0
1250545919113732096,0
1249420181106905088,0
1255672657346887681,0
704332850670120962,0
1246100059646840832,0
1251075243386572800,0
1249784829303980032,0
1242430913369141253,1
1241829801750679552,0
1258675127283093504,0
1220316095132979200,0
1250201805407084546,0
1249811764600090627,0
1246002835063529472,0
1246546131879964672,0
1247296542144376838,0
1253349421791805440,0
1246431763443986439,0
1228755593982136320,0
1248333612212195328,0
1246535273615409153,1
1247982295413338117,0
1197611928371245061,1
1243244763320594435,0
1239071257510854657,0
1257222662574747649,0
1248162494927065088,0
891369468470988800,0
1247492734547636228,0
1252962142061551616,0
1243152839121264641,0
1245434438584074240,0
1257617219774750720,0
1222758108205895681,0
1247127204464648192,1
1220737289464221696,0
1242642675171459072,0
1252740471690072064,0
1253021806786568192,0
1241154876735815680,0
1242455267603877894,0
1246923254239039496,0
1246818722939011072,0
1247623877007511553,0
1248772318094131200,0
1252643010925510663,0
1249291899451645955,0
1240321710110326784,0
1253826582545936385,0
1248783625300127744,0
1241484874575478784,0
1244507858311483393,0
1244784095327993856,1
1252555475046092800,0
1246420588157194242,0
1245289188678864897,1
1249831604228325377,0
1251628843741265921,0
1248396592710684672,0
1248302882501332992,0
1248786594892578816,0
1250172527802015746,1
1232838538976251905,1
1251874216196046851,0
1235247582617702401,0
1251165354031755264,0
1256131241213976576,0
1246130718700457984,0
1247193257718800388,0
1233834553489358848,0
1245098955370872835,0
1246504051124187137,0
1247081185806876672,0
1256863355920363520,0
1256876249923891200,0
1242531441180803074,0
1225160176338010112,0
1252311411428143105,0
1235347292724568066,0
1247244589112541184,0
1246809683186327555,0
1228460719869394944,0
1248370193816002561,0
1246446432539873281,0
1249781016757260289,0
1253766699695976450,0
1246995376042913792,0
1246926915862216706,0
1246507650688454656,0
1232348171751178241,0
1247272463001686017,0
1120827566791766017,0
1248255939741917184,0
1249967029639098375,0
1246438540432596995,0
1246047154856235010,0
1244174939814592512,0
1245137231163142145,0
1252194162058956800,0
1252128096326610944,0
1245856450880012288,0
1247403885091790849,0
1246401733657591808,0
1248061741591863299,0
1257086261476470784,0
1238019345080619008,0
1249654574098628608,0
1246148793524838401,0
1253410601793015810,0
1242426043304218625,1
1179794680797696002,0
1247270079877853185,0
1248541228171485184,0
1247160832947093504,0
1252874226781917185,0
1255072764995780608,0
1235622974193127424,0
1245287008425119744,0
1247273975971004416,0
1251471374469738496,0
1244826550501027842,0
1252352475090173953,0
1249008512476168193,0
1249757857177886720,1
1256723679049928705,0
1245217715339644933,1
1239988189517033472,1
1236432019057508352,0
1247131569191628800,0
1239907746188865536,0
1247612670641147908,0
1247302620689170433,0
1243208321030643713,0
1247771833568354314,1
1246720859584200704,0
1252500529076490242,0
1250040889877172229,0
1250002448581890048,0
1243864581400756224,0
1246041010054017024,1
1249691857858301952,0
1253648126524526593,0
1258738914686316545,0
1243328173288370176,0
1247700859967827970,0
1253107568580452352,0
1249058326819688448,0
1240087416469413888,0
1250661584181047296,0
1224693654800957440,0
1247264241146568706,0
1251849634726756353,0
1247584895695589377,0
1250044308700442625,0
1248907361462284289,0
1247247864830537734,0
1255848985878806528,0
1252834793680560130,0
1245716954096250880,0
1248686883917316096,1
1247350690885836805,0
1252848283279437824,0
1246971196891115522,0
1237943339921616896,1
1247125818272251906,0
1246703362633949185,0
1258455834822168576,0
1256013645907181570,1
1250817454252621824,0
1251538848787476480,1
1233491554045767680,0
1246551570365534208,0
1245781696391385088,1
1250724478277029888,0
1253417698467254276,0
1250369915803987968,0
1246579509228376067,0
1252986604710486017,0
1246464626406985729,0
1234964653014384644,0
1256218689436880900,0
1246833961474691072,0
1248200831297560576,0
1246963204191739904,0
1247852678232674305,0
1229537034609549312,0
1253298083112218625,0
1246372443570274304,0
1246445472795025410,0
1240438339552948224,1
1256185098711502848,1
1230865220827901952,0
1235056416995586048,0
1253724265641369601,0
1257396008306323464,0
1246427790683115520,0
1253829372936622081,1
1248927296892911616,0
1232371717886136321,0
1242965292235571201,0
1246955304245485573,0
1241185334588661762,0
1250027260679081985,1
1253364814166065154,0
1253250092691267584,0
1245859001696260096,0
1247570078603845634,1
1247365260262154240,0
1247130469625401346,0
1239920539512291328,1
1246687779897192451,0
1248619964728135691,0
1238460596414230529,0
1252176166045302784,0
1257736014866419713,1
1245801450535555074,0
1233599710146904065,1
1246901636913672199,0
1237646890788741122,0
1245207091620376577,0
1235488044221976576,0
1139236468365434880,0
1244694238312488960,0
1247083799986479104,0
1247165311272574978,0
1247095681711472641,0
1246724588635127808,0
1246836737592221697,0
1233030053589606401,0
1250503692765233159,0
1222551033789939712,0
1249700093781069824,0
1250068068006596611,0
1160559985983676416,0
1246580254199689217,0
1249725905817174018,0
1249394186039758851,0
1242756665285500929,0
1247786154868355072,0
1230536631096139777,0
1246393332009500672,0
1246800852033077249,0
1250382308797894661,0
1244959396783890436,0
1249098419806691330,1
873178944857571328,0
1243234066637262848,1
1254986950928408576,0
1159495515710644224,0
1248438478272069632,0
1249764024490831873,0
1253133025451401223,0
1246371727510327296,0
1246495031021756417,0
1248303052978819075,0
1233138371456851969,1
1250468281309224961,0
1220321922619187202,0
1253451487415619586,0
1246759857547554821,0
1234803345472180228,0
1239266027353104386,1
1253246182312165377,0
1255896673634725888,0
1250074446293057538,0
1221204131387465728,0
1251103508658446336,1
1246866003771957249,0
1247605106473828357,0
1245370373727641600,1
1253426821892173825,0
1247288710355451905,1
1252607633179189250,0
1245086722007932929,0
1251523152804491275,0
1240782292576022533,0
1247248809941499904,1
1246300828819795968,0
1257264010266845185,0
1257042423471132672,0
1249472154925699072,0
1165782510006980608,0
1246559679968395270,0
1246128697918308354,0
965583184669954048,0
1254957897806540800,0
1235045865699414018,0
1248954000499781632,0
1253650871038152706,0
1249418405951799309,0
1258321618079752192,0
1249390835461795840,0
1240066752580640768,0
1238424251780259840,0
1247182908927823872,1
1257984831444733952,0
1245966918915362816,0
1235356078407213056,1
1252655766802178053,0
1256423769389912064,0
1246251337471463425,0
1229000937601191942,0
1242575721635201024,0
1247054663410692097,1
1247529684130082818,0
1248848071221342213,0
1243580983946903554,1
1253197842879057921,0
1239449876947185668,0
1250419822577348610,0
1250923954346344451,0
1252559250695622662,0
1249965371794259968,0
1242685928264601600,1
1248570164087607296,0
1245994783178280963,0
1246778018296627200,0
1244236129555054592,0
1237515862724116481,0
1244715570882322434,0
1247538581893050375,0
1253479730675879942,0
1240842774259228673,0
1247631756062228483,0
1247490347548229633,0
1247445080820023302,0
1246475992950026240,0
1250258777162612736,0
1250131477133692938,0
1253804172547362820,0
1246485281345359872,0
1246994322358243328,0
1255555605315465217,1
1235637023421198337,1
1239736019483795457,0
1223160115169284097,0
1251899190302695424,0
1245169558287245312,1
1244126905562877953,0
1251891500708958208,1
1246764284652195841,0
1248721482466955265,0
1242299450845954053,0
1253807386776801280,0
1247055691745017863,0
1246143423075233802,0
1253492121203552257,1
1247270364666892288,0
1244968783543848962,1
1243255237890228227,0
1253010112723247105,0
1251783854106578944,0
1247886509513912321,0
1246497036389793792,0
1256979935589269505,1
1246085351283789830,0
1238241007491317765,0
1249780510278238209,0
1240580038195642369,0
1257308857707053057,0
1246184253408391168,1
1246524690668998656,0
1254681542368075776,0
1248866519162871808,0
1247152471778213889,0
1247187994722926592,0
1242625100848996353,0
1243225722207993857,0
1246490045630029824,0
1242640932610232322,0
1254280312265326597,0
1226891949405298688,0
1248365116015419395,0
1247433252282998786,0
1247947091948630017,0
1250470502159826945,1
1242602213127737345,0
1243826159911153667,0
1211891930751102976,0
1247397096749240320,0
1248716621172092932,0
1248889743242219520,0
1249686351185920006,0
1257710991967748098,0
1013290975580565504,0
1243840252143218691,0
1235585975092314113,0
1247135568380735488,0
1247006396639371264,0
1250432037829242880,0
1252033930565312513,1
1251880745787731972,0
1258583797530013702,0
1247610598721904640,0
1246483581158993920,0
1258491609445851137,0
1249795612230529025,0
1246695845929668608,0
1248229458630324225,0
1246276578285412353,0
1252891593163620352,0
1252685397596893184,0
1244267179425447936,0
1234628502252662784,1
1253144301049008128,1
1247287606808850433,0
1249712434006425600,0
1243613230779568129,0
1233067156599902210,1
1238506648496463873,0
1221049404905398272,0
1240715575640252416,0
1232229061063303169,0
1244395342193405953,0
1233473673056727043,0
1245945280010375169,0
1197568565584564225,0
1249420578294988800,0
1248332952963960833,1
1252399723203358720,0
1247423113794641921,0
1247116838061969408,1
1249022589940400128,0
1241740113442373632,0
1245804804451917824,1
1239847663354425344,0
1245773190292520960,0
1247051749254467586,0
1238444912686911489,0
1249782053534605317,0
1258472271120945152,0
1248764109220347904,0
1253710792714829824,0
1248137543079657472,0
1247535513365446666,0
1249682853639708677,0
1247284897221230594,0
1246225844529442816,1
1249772668561305601,0
1248547040080117760,0
1241257469118054401,0
1245063388696363009,0
1253211080345694209,0
1249757336291258368,0
1246114257541840898,0
1246837765934911488,1
1257338411859533824,0
1249891006104788997,0
1244935788909006848,0
1239619258432262145,0
1245899188275159043,0
1247158566315642880,0
1249680498697388032,0
1246532695414505472,0
1247961644191428616,0
1242119320622292992,0
1237168792318414849,0
1235945740603621377,0
1249720882605559813,1
1224086713103839234,0
1251832934853537792,0
1255140717782896640,0
1251973611629486081,0
1246459229646528512,0
1221919087749627904,0
1227743370191097856,0
1249377469242761217,0
1247939060179615751,0
1249731666995752960,0
1238449788485611520,0
1232211957136142338,1
1248318605189681152,0
1241112352772292613,0
1247626399948644359,0
1256647140060753921,0
1240660750357557249,0
1247286854103248902,0
1246425240780988417,0
1250417450589528064,0
1246041612297404416,0
1247064247600910336,0
1249701186334330882,0
1240641004274954241,0
1247062113018920962,0
1249439942503260161,1
1223441556377612288,1
1248061803269107713,0
1246955381911433222,1
1238489158068428801,0
1246554357623119874,0
1256578449231224833,0
1257909182805794816,0
1250159311667572738,0
1253014710544412673,0
1254538457428492288,0
1249705678677082112,0
1227645728505253889,0
1247527848266461184,0
1246697593167581186,0
1247013516990648320,0
1250176354345029632,0
1065993790173954048,0
1244892073830080513,0
1195372079731937280,0
1246698865597665280,0
1252101676971900928,0
1251855477459357696,0
1248311573233299456,0
1115733162347442177,0
1252390786345230339,0
1252133253668114432,0
1248496206004666368,0
1247257350857052162,0
1181187589602078720,0
1248302662207991809,0
1248967223131230208,1
1253198451480772608,1
1242806520645062659,0
1247113095186493447,0
1237563020051492866,1
1245788503201460224,0
1239173717080657921,0
1247070548082950144,1
1245458184137048065,0
1253729605741150209,0
1245782451093454850,0
1240331903099490304,1
1232770729290035202,0
1247900274183700480,1
1246124444063580162,1
1238867310733074432,0
1245295133555331077,0
1258528441940324352,1
1253362724311982080,0
1247063743953096705,0
1246081588821139457,1
1253342140131799041,0
1247000954114899971,0
1247436041838923776,0
1253401617958932480,0
1252657329155137536,0
1245756050478956545,0
1254121562787196934,0
1242023180752916480,0
1258181167590842368,0
1247031161337110528,0
1226847621467328512,0
1247823763187646465,0
1256309680919523331,1
1252289618915065857,0
1246546316513214467,1
1246183278085881862,0
1253822415185907712,0
1253226074013675522,0
1253643560546717698,0
1246482414379110400,0
1247505113091985415,0
1247445133760630784,0
1247417960030969856,1
1246662391036891137,0
1172506564432936960,0
1248180044503154688,1
1248275435613544448,1
1253204696942047232,1
1241023957400276994,0
1246134314279923714,0
1247303716115529732,0
1247368742675214338,0
1248207624270733312,0
1247174786184290306,0
1233493822295900160,0
1242569220149239808,0
1247327459747430402,0
1251187335292751876,0
1247293653053247489,0
1247237639272620032,0
1247635235396878338,0
1247794358293651456,0
1252811373177974785,0
1247265837007994883,0
1247255199049224199,0
1247349588509495296,0
1243470808564944896,0
1258152797880619012,0
1251844631328894976,1
1250606383537500160,0
1246092474587713537,0
1253978781447946241,0
1253947195478495232,0
1247223477909798916,0
1245339301535154177,1
1247622543395127300,0
1247105800222498828,0
1248332330214641664,0
1251586746648875014,0
1253656834138931201,0
1247296259725000704,0
1226484757732544512,0
1248224668101808130,0
1253266433821347841,0
1246505765264855040,0
1250141368955142149,0
1246573448366784513,0
1237302506193108992,0
1247948720697749512,0
1255195102722523136,1
1247197933113507840,0
1241825851282542592,0
1251564091392397312,0
1246118752053231617,1
1247199951001661442,0
1251634031583735809,0
1252339056123342849,1
1244976492465061889,1
1249396063347195905,0
1255557783803527177,0
1248671436790796288,0
1248631132758740998,0
1234149254077304832,0
1247907937269538816,0
1240846570993549312,1
1245693781577322496,0
1250763397022572544,0
1233447330009034753,0
1246620685981679617,0
1248707330730078210,0
1246730262483853318,1
1239613980156575744,0
1250242159443353601,0
1246195789531099136,0
1249554535628115968,0
1246889677904392194,0
1245643959021404166,0
1247364270960054272,1
1253749509944999936,1
1246582803833278467,0
1248730182954803200,1
1241886085858365440,0
1247678994989764608,0
1248903609691123712,0
1233439247660724225,0
1256052528464244738,1
1242276387345457153,0
1252711486771822592,0
1253170897730654210,0
1253102464330600448,0
1253301409400762368,0
1244674204668223490,0
1253845630277038081,0
1246836176306257920,0
1250075085102174208,0
1246778933636485120,0
1232629113560748032,0
1245924453919248391,0
1246328312303149057,0
1244686137492414465,0
1252589675002249217,0
1248453803059187714,0
1250007873402347520,0
1235823973033578496,0
1255167389802459137,0
1245812470834278400,0
1243991093160665088,0
1247501923734949891,0
1253631367696584704,0
1248340197793816584,0
1253959260263809025,0
1247562278804873216,0
1245423260604542978,1
1248495730437705728,0
1244926039630979073,1
1235238830023872513,0
1216178400722710529,0
1246021785616822274,0
1248631206490456065,0
1245624436838952961,0
1246954050458877953,0
1130673216563712000,0
1239093065257631744,0
1247249184585134083,1
1248675096501391360,0
1251315915192274944,0
1243665479388082180,0
1233138691960233985,0
1256580715375923202,0
1251952670958551045,0
1248452325397520386,0
1247203175792357376,0
1248999755570647041,0
1249803803013996546,0
1246582810288230404,0
1247550726496309249,0
1250507837559787527,0
1249144652734894081,0
1246765924482527232,0
1237507195228442625,0
1254534090877030403,0
1254065865156448257,0
1246768961032785920,0
1248303690957684738,0
1249672215781662721,0
1250091176381878274,0
1249246016144117761,0
1244004202243907584,0
1227539880407945217,0
1250046579408539648,0
1239631749505634306,0
1233121258075590656,1
1246915307182096386,1
1248347454128316417,0
1254091154536099840,1
1245772373019758597,0
1249441510334103552,0
1243655148376907776,0
1243825506417590272,0
1253771420980490240,0
1250155948783656962,0
1246167747056320514,0
1248531322785525760,0
1246133728339832832,0
1241159588029829121,0
1238470353787199496,0
1250853857216704512,0
1247053772133732354,0
1246220189798187008,0
1246472389539565569,0
1246101595378630657,0
1258543423943962624,0
1222018824335003650,0
1246666082846420998,0
1245598324763152386,0
1246692342914048001,0
1248069787982462978,0
1257943094877708289,0
1200086898099789824,0
1250647869352181760,0
1239825350265364482,0
1246051142729191424,0
1246315845619515393,0
1250821665237471241,0
1246033623712702464,0
1245810180111192065,0
1246754417610809344,0
958373941369819136,0
1243382409065689093,0
1248385315569467392,0
1225737983497822208,0
1239298882766614528,0
1248101358139514880,1
1248628997425999872,1
1236847723346829314,0
1248158438091300865,0
1249959899519488000,0
1247162270242820096,0
1254992803572133889,1
1221794161831174145,0
1248169747885240320,0
1247757253425283073,0
1247075298216206336,0
1235298992780644354,0
1246642171824017413,0
1224270643652370432,1
1238863886335594496,0
1258712991295512578,1
1246587293143642115,0
1244071379126890496,0
1246160734301683714,0
1237178431017648128,0
1248820146837176320,1
1249662215021563906,0
1248903366580854784,1
1232865620300980225,1
1255193874324217856,0
1250500458386423813,0
1246405540303028226,0
1246959433927872513,0
1252732017084514304,1
1069280085780430849,0
1258367479451193344,0
1239640106539061251,0
1254385497037836290,0
1247576069835759618,0
1236966780947574784,0
1253742011502469121,0
1258466457651941380,0
1245217311180505088,1
1247064937853333504,0
1242863995641528327,0
1250287741679501313,0
1251489221711405056,0
1245740746474471424,0
1048217416940093442,0
963652883035115520,0
1247355963222327298,0
1248776729583185922,0
1246963956515778560,0
1255885221523853316,0
1247815368506331136,0
1240339155625947136,0
1247295304363323393,0
1253324710114234368,1
1235184306886258689,0
1247130909448364032,0
1245770536539619332,0
1225682771231694848,0
1240376782391566345,0
1248852752412766208,0
1220438649218772994,0
1246435091926134784,0
1247145093636685824,0
1234976814516170753,0
1246173216281935872,1
1249288786468536320,0
1154352790992347137,0
1237728896360919040,0
1246684517181636609,0
1233144643979816962,0
1230538086934863876,0
1247705847406436353,0
1246578565845565443,0
1258399729018339328,0
1254124386208092161,0
1251458908851441666,0
1247151730279600134,0
1258705771128401920,0
1249766960298106885,0
1244585366079799298,1
1247306419507994624,0
1248056819840409600,0
1233668766124400640,0
1242469980165140480,0
1247239186404577281,0
1256844030673108998,1
1246073695682072577,0
1252323253269512193,0
1251294938576424965,0
1222157381263667202,0
1252663012801998848,0
1246343397260083200,0
1245779861437919238,1
1246882165650047003,0
1247370892772073474,1
1248246078819799040,1
1248610583718449153,1
1242696411260620800,0
1253770697647837185,0
1246410058461786112,1
1247398066224799748,0
1248216418224611328,0
1246677643543687168,0
1230477165336170497,0
1246139073447833600,0
1231236787760193536,0
1247424010624753664,1
1246615635670556677,1
1240750290321772545,0
1245583357183799297,0
1249704256858402816,0
1248535489692545025,0
1244759258236928008,0
1246671922827493379,1
1247092059904847873,1
1235956505456885760,0
975024643009667074,0
1249048200180310016,0
1252364563455983619,0
1245113685665857536,0
1249019760282611715,0
1255047113647493120,0
1246958017960128515,0
1248396909741408257,0
1246501647511060480,0
1249385357218643968,0
1249971901528670209,0
1240377160277331969,0
1246924728935182336,0
1247062098326310913,0
1246037684352684032,0
1241420191411703809,0
1247652253965725696,1
1244619943754285058,0
1247694928244805632,0
1245867766516600833,0
1245432330149191680,1
1244852686740217857,0
1255874204697845760,1
1243573173385195520,0
1251877592128524288,0
1248075123074060288,1
1245845986494287877,0
1250375518798651393,0
1257290140013203457,0
1114548484508659712,0
1244815970817855488,0
1246747078593851395,0
1248450142484586497,0
1245769781422305287,1
1220979618636845056,0
1247522478890479618,0
1256747493980868609,0
1257466688817303553,0
1248818675643269120,0
1255359893495742464,0
1245503502341808129,1
1143261459020783616,0
1247582914038112258,0
1248666869013200897,0
1242129505139003404,0
1253577505094631424,0
1245296339518447618,1
1247335369806352385,0
1247174968841883650,0
1247947334962614272,0
1245090177636335623,0
1246346917489115137,0
1224473763611389953,0
1246512314423160832,1
1255123372029218817,0
1243609831895859203,1
1247556021750583296,0
1258120910256701440,0
1229512384240287753,0
1244005133190672385,0
1247561162507476992,1
1243958296140226561,1
1239226722823872514,0
1246706243739279361,0
1256379793836310528,0
1250096471669485570,0
1233430825535885312,0
1244826824288468993,1
1253612057582280704,0
1258343762213900288,0
1244949335026151424,0
1247684956244963328,1
1231972169766199297,0
1245359696527179780,0
1238427738312146946,0
1245380252295102471,0
1240249335058702337,0
1247040419977986054,0
1251427708040556546,0
1256217032321892355,0
1248928048382009345,0
1252455825349783552,0
1246026297853325313,0
1257999098675974146,0
1248653324053856256,0
1252032891782959104,0
1253261717808840704,0
1229478304899567616,0
1255486695937650688,0
1254374175533391873,0
1244098569390309376,0
1253618937801170944,0
1248490406414671874,0
1246524697350746112,0
1249356706603323394,0
1254938762724937729,1
1043291345048223744,0
1251724239473868801,0
1256643049356062720,0
1244953765658202112,0
1249878962429460481,0
1245110812852858883,1
1247076738993213441,0
1247064423400976384,0
1245380699114188800,0
1161316040627724288,0
1247585185669021699,0
1236201446548426752,0
1256854468710326272,0
1246986747981987841,0
1241798262077698048,0
1245836662493462528,0
1245338529527463936,0
1253819370201059329,0
1256195391239917569,0
1247963282595622918,1
1247896255583248385,0
1246491011997712386,0
1248636926367633408,0
1252492264397471747,0
1223693075962265608,0
1244333920390279170,0
1258211368362283009,0
1247104026627338242,0
1247199733283729411,0
1245811003922821120,0
1255769202339840001,0
1247162840538140672,0
1252082353985511424,0
1041740705360691200,0
1246361162985472001,0
1247208075918020609,0
1234327160007090178,0
1243586823080808462,0
1250791643332165632,0
1251259183820795904,0
1245727830995959809,0
1250702374458572800,1
1238281943587991552,0
1247329015938953217,0
1244738766088085505,1
1241582018036510721,0
1246570213656498176,0
1249065509196378130,0
1240125030979325953,1
1239489386875686917,0
1242636809760198656,1
1256643240297672704,0
1246868939713458177,0
1255111299551375361,1
1249407759172415488,1
1240393536320790528,0
1252940436685099008,0
1247341946445664259,0
1247856566688243712,0
1228483107818373120,0
1249712401265692673,0
732740750002130944,0
1252682850928865280,0
1246812822039752705,1
1234956754515042305,0
1242472161765404672,0
1251970910950572032,0
1252475553157767168,0
1257004068846911488,1
1246416790005198849,0
1255751761475833856,0
1258360401399611392,0
1246609435075600385,0
1246843682231181321,0
1246934759961513985,0
1247567821061660675,0
1236720137744547841,0
1241794482015629313,0
1248198621939589121,0
1258430521690017792,0
1190327114047864832,0
1244850568469700610,0
1246742151511367682,0
1246545776014172160,0
1251387657235595266,0
1251846591536906240,0
1177043055293038593,0
1253430633537273856,0
1253330671092641799,0
1256202536396226563,0
1243806110605139968,0
1253561952766287874,0
1254177149487063040,0
1247275221754818562,0
1246876005333192705,0
1237416308196728832,0
1247967070731599874,1
1246438506588778496,1
1246798186829639682,0
1095851224795152384,0
1192523171670433792,0
1247068833392791553,0
1222280774260531200,0
1253676366626795520,0
1248272992049803265,0
1246816364410658816,0
1248283357475033088,0
1224695521102761986,0
1247640702042980357,0
1246173238025244672,1
1245172748663566338,0
1247437261958000640,1
1240214113353183232,0
1250868205490278400,0
1248687536882491393,1
1246912342585212930,0
818578447962226689,0
1245081240576950278,1
1250382222869303296,0
1233431008042725376,0
1247173194588598274,0
1245933974326775808,1
1251002298920206337,0
1246128558898057218,1
1251265392011628546,0
1256017179511840768,0
1246184596062044162,1
1248022113119653888,0
1249631382621630470,0
1237491425358409728,0
1246411623658663936,0
1247442940353536000,0
1082597462001491968,0
1253269511375065088,0
1242809053333643266,0
1247288415135154177,0
1224682055616946182,0
1241017625867517952,0
1240278661657436163,0
1242414466723086337,0
1248132401173233665,0
1254866573262651393,1
1249717921976287239,0
1247532432934371329,0
1246826188061978624,0
1255409337046044672,0
1245704520224538630,0
1251098519701794817,1
1246278491735113730,0
1248267410345517057,0
1252268289339908097,0
1243622590079524867,1
1253605360096722950,0
1247519571176828928,0
1254128922897367043,0
1253638259026124800,0
1246480727958528000,0
1244982729701298178,1
1246530375133863936,1
1231287458769313794,0
1246062009960902656,1
1247162803456282624,0
1247200625038942208,0
1247871335428239362,0
1249750330520330240,0
1256129035949596672,0
1252951777223348224,0
1241674808481525761,1
1249240468757647360,0
1246477841891348480,0
1237313442979217408,0
1246425433924669442,0
1254274231652675584,0
1246832443463737344,1
1251971356637278208,1
1253312891819749382,0
1251876844154093569,0
1233069471906045953,0
1223024923553214470,1
1250017994387816448,0
1248979185797935105,1
1244421783723401217,0
1229811118211620865,0
1246495862097838080,0
1240164750798942209,0
1245848242421719040,1
1239677550667972613,0
1246780991932436480,0
1247219721356881923,0
1253380856757903361,0
1256123668213698561,0
1253062778102919168,0
1226424196256825344,0
1251607860234027011,0
1257140863861284871,0
1257263541117214721,0
1246388658191486977,0
1241027565705482240,1
1246871728367820802,0
1246135075231666176,0
1246949759820001282,1
1246207781516062722,0
1245711239839350784,0
1247139251084570630,0
1246622879271157760,0
1246658929951674368,0
1245728106658365441,0
1258487888867549185,0
1247061643714011137,0
1254400077608767488,0
1246693043979407360,1
1246231451005157378,0
1249373965702684672,0
1243927342524895232,1
1245770076646772737,1
1246648946283253760,0
1246139427459661824,0
1247120219446956032,0
1246661482663690241,1
1221797345144328192,0
1246161216617283585,0
1242185010544852992,0
1240026239852838915,0
1256757214322151425,0
1224681625646178306,0
1246814684600295425,0
1247097371152056325,0
1247280438642716674,0
1254324366319464449,0
1244135976454230016,0
1246605991623475200,0
1230764006194892800,0
1246444037747466241,0
1244703960180678657,1
1246975204712165376,0
1247421168107376640,1
1244093292075266048,1
1247818334093090816,0
1023906864206147584,0
1242689732875898880,0
1247831037532680193,0
1234731789110906880,1
1246418435116015617,0
1247174699563585536,0
1246882251419332611,0
1248727676325629953,0
1247817568620097541,0
1242528658767654912,0
1240389237276651526,0
1185973062166089728,0
1247077664504119296,0
1257378004843606017,0
1246862017077575680,0
1238926482052911109,0
1254351146493177857,0
1248341288560320514,0
1246901120460394496,0
1238063801183993856,1
1234463049987371009,1
1237801739312644096,0
1249702161056964610,0
1253709704074690560,0
990650092204982272,0
1250086441289482240,0
1251088476314963969,0
1153658638160093184,0
1258524403245047813,0
1249026954369654784,0
1247352913405583365,0
1248281219541929985,0
1258726773765931012,0
1246239585174249472,0
1241852968049098752,0
1250427454604193794,0
1244817476094918657,0
1257723162692739074,0
1252305333063692290,0
1258460519708712961,0
1247111843539271680,0
1246537123815133185,1
1250428888926187522,0
1249274023638233088,0
1251152379631693832,0
1247256913957597185,1
1245905088683495424,1
1250698626558496770,0
1249668122434469890,0
1245020937646264321,1
1246317648541073408,0
1251000374007234560,0
1253396996284657668,0
1247326598547869697,1
1256601352253444096,0
1248298091330957312,0
1250094305483673603,0
1250413260165259265,0
1247245587667443712,0
1229175642899521537,1
1173048702887444480,0
1241906317939191809,0
1247711302686040068,1
1257310649140391936,0
1242071275058499584,0
1247138779141472256,0
1239995840309035008,0
1251162625972437000,0
1239395212910362625,0
1247558835746885634,0
1246517128213209088,0
1222298787458244609,0
1245180386163990528,0
1255158478852816896,0
1258155501390573579,0
1247455322769416198,0
1247207678411071503,0
1251126914561052679,1
1152362649440493568,0
1249739222489202696,0
1248641198396448768,0
1249693749841735681,0
1245855631241707522,0
1182102487874060289,0
1239975986805923842,0
1252214579049959426,0
1246107174570528769,0
1247427520930119680,0
1232611393083281408,0
1247394667802615808,0
1252969442046365696,0
1242583956580700160,1
1249598212073283586,0
1246086691837878276,0
1250140567926865920,0
796726500619939840,0
1249300774255034369,0
1246876344035823616,0
1245143326224941059,0
1245618006727618560,0
1247508019346276352,0
1246269082757992448,0
1254125896568655878,0
1258381122393776128,1
1247342345311395841,0
1246461804546531328,0
1244314434581016576,0
1255879099857489920,0
1247685761291304960,0
1252585564714475520,0
1177297029057396736,0
1257781760298901504,0
1245878060265676801,0
1232374966747828224,0
1237327062433759234,0
1247014113043083264,0
1246740609081266176,0
1246124721789378560,0
1246381299109113861,1
1239606432653139973,0
1258399784794292226,0
1250401138152783873,0
1242388913806888960,0
1233101452228169728,0
1243024197393268736,0
1238339529280327683,1
1240414736560291840,1
1247431477324845057,0
1233256097550667781,0
1247560524390375426,0
1234195906876059648,0
1246400896793272322,0
1239415904577835010,0
1243172990256373760,1
1228537126465064961,0
1258860367947673601,0
1242779919727370240,0
1245810229012361216,0
1249702273476898816,0
1247124501009235968,0
1250431956308742146,0
1247027457162530816,0
1247912510356848640,0
1244532155625193472,0
1181561345143136256,0
1244760595255066624,1
1252190484283494405,0
1245849907967266817,0
1249833930703933440,0
1256967204924522496,0
862299184464093185,0
1253468625303822336,1
1258443660569513991,0
1246536402180780032,0
1221724052957605888,1
1231354528840200197,0
1248058708040523781,0
1237087615226126338,0
1246620693850013697,0
1247368194920243200,0
1246432250268393473,0
1253232957533368320,0
1239999878480171008,1
1252882888225255425,0
1247496095934144512,0
1254974755217661958,0
1247272095685410822,0
1247795243270819840,0
995290017370132480,0
1207814273675587584,0
1240188893653336065,0
1246552748746817536,0
1240274165099311105,0
1243475515975106561,0
1246777428019642368,0
1249627722655191041,0
1255109171063775234,0
1250013160867803137,0
1247081691123978240,0
1247520796769161216,0
1249695276597575680,0
1251542985512230915,0
1250113245878210560,0
1257834883147169792,0
1247654873992245249,0
1246648113424551938,0
1247556883348631552,0
1244101963043741696,0
1179220262828613633,0
1247901352832847874,1
1247229597130858499,0
1233592997142548481,0
1247418576220422146,0
1253716440714223619,0
1242947478212804609,0
1224751456009576449,0
1253356101896146946,0
1254341244576133121,1
1244683727533473792,0
1246202451331624960,1
1238133905439375360,0
1246786697951506433,1
1257511379520630789,0
1235225831296950274,0
1246834907973738497,0
1248150888058892294,0
1247545537286541312,0
1246916975856701446,0
1246750222006484995,0
1250263648192225281,0
1249195773356630016,0
1251291304220385280,0
1240000915454734336,1
1242942390526259200,0
1247848976935718912,0
1246231619490516992,0
1243521223511998471,0
1243326870323486722,0
1247536816699240449,0
1247213915420925954,0
1254800566246670336,0
1244587008728719362,0
1237263980491505670,0
1242131323763843072,0
1248962833217392643,0
1249042036830994440,0
1252401976148557824,1
1247315032754528257,0
1247443990909276160,0
1242906970941685764,1
1245040371698147328,1
1249044979407872006,0
1255183770522705922,0
1253687640555245570,0
1249333068747485184,0
1249897844162433024,0
1239687429952503808,0
1139096086172377089,0
1257474165105479682,0
1239260270389866497,0
1247168218801885186,0
1235902277182877698,0
1246138083248087040,0
1258416423552065537,0
1248639337308270593,1
1252803609776893952,0
1223239430154194944,0
1251702068915494913,0
1247863025392070656,0
1256958088348827650,0
1246164999741018112,1
1250482049837916160,1
1241015842143375360,0
1251923762674614272,0
1245067330918498305,1
1220677631885996033,0
1255355385650860032,0
1255216264756310019,0
1249638359783350273,0
1245234523215978496,0
1248687523712434182,0
1242142711584620544,0
1246231311796375552,0
1246510296971296768,0
1242986574423511040,1
1246262129440821248,0
1249686421075525633,0
1183817648548630528,0
1227204519316074497,0
1247544577751494656,0
1247205118920941581,1
1246686705811415045,0
1246536403447660546,0
1252656191383179266,0
1245707930265178113,0
1246499448294957060,0
1243947417269161986,0
1233801990972506112,1
1246827958813126659,0
1247195624878903296,0
871545628714831872,0
1248342726925586437,0
1252260247378497537,0
1250005184262156288,0
1249580572902428672,0
1242277681217130496,0
1258668474051833857,0
1235367756901437440,1
1221693914194669568,0
1181163896628842496,0
1248962119481135107,0
1253751096499200001,0
1249584737301270528,1
1237634559799427072,0
1249264996728688640,0
1238028550801850370,1
1242482684309278722,0
1244964911597465608,0
1246491924049145857,0
1220338487225995265,0
1256416575466483712,0
1188157272981229569,0
1179608226880540672,0
1251890381442220035,0
1230099755897888768,0
1244970591079333888,0
1253440408027189248,0
1252654922841104391,0
1247886394313211904,0
1248642492360200192,0
1243006005257986048,0
1258706539982073857,0
1251430954616229894,0
1244191864695259136,1
1247152274775867392,0
1247369611173117958,1
1246967466833690630,0
1245328360965910531,0
1248917427775307777,0
1237211575766994945,0
1247297307923668992,0
1246913665112182784,1
1239416110585241601,0
1251089679535017984,0
1246448844734443521,0
1250777651129790465,0
1232822882205675520,0
1250023421502730245,0
1243258963606601731,0
1251142468176764930,0
1256115629964300292,1
1242748771164880897,1
1247670653278396416,0
1246116709401911296,1
1247968636406362112,0
1245384907133681664,0
1247312441287024640,0
1257766412409376770,0
1246462059870642181,0
1241253746698420224,0
1248210316388950016,0
1248427004954722304,0
1251983578923073536,0
1247228173584080897,0
1250952839939194881,0
1249286801581277184,0
1235530536543633409,0
1245822087736016896,0
1247146769491922944,0
1246666362581368833,1
1245066884619350017,0
1247184854694887424,0
1246036931986829319,0
1227598542795087874,0
1258708315548368901,1
1254023117380476928,0
1249459241108287489,0
1253762821827047425,0
1251776852575883264,0
1236358100984008704,1
1244079779688714241,0
1248902590320070656,0
1250897504020938752,0
1241868959261081603,1
1243900519506153473,0
1228037116329910272,0
1236837645076115458,0
1247733930469421056,0
1258187454361845760,1
1247750684910338051,0
1237410138366984192,0
1244965479661387778,0
1253292594664177666,0
1257287359546241025,0
1239276869146546181,0
1243580801746337795,1
1254110612289998849,0
1258764193064501249,0
1205856974405033984,0
1222652787999178752,0
1252689051724980227,0
1247159408309739521,0
1230992089057460225,0
1246153832620572672,0
1253596285652865024,0
1246675530059055104,0
1249667616253399041,0
1253653944586268672,0
1246553444145479680,0
1241847195776712704,0
1244041267731931137,0
1248363283993813003,0
1256068623262777345,0
1238703248191545344,1
1235947341976387584,0
1246930588629598208,1
1247829592154480640,0
1247200996322725888,0
1236076595716055040,0
1246235667115507713,0
1247935892876075011,0
1249330996249604096,0
1240362096476459009,0
1222185095295131648,0
1246158796268941313,0
1233227104168230912,0
1238293629237592066,0
1248299116708446223,0
1253227859415465985,0
1249679813809508353,0
1246307681880678400,1
1254520985220288512,0
1253654312829349889,0
1250877759431327745,0
1246343860156076032,0
1249380622524710914,1
1244295441673523200,1
1256104955930279938,0
1246819305297186816,0
1247267714055450625,0
1247170376754479105,1
1245142611918229504,1
1254035720781651969,0
1014898405628416003,0
1232744109141524482,1
1246410905350529024,1
1250372664113364992,0
808085490733842433,0
1249391778052136960,0
1247089315898888194,1
1246581065214558209,1
1246984996725723137,0
1251540744113881089,0
1228669015951839232,0
1245709292226961408,0
1247258784822693893,0
1252767092950122496,0
1245027117873737728,0
1246412664290660352,1
1256126008610172929,0
1258517572074397696,1
1253730245355507713,0
1239191659931467776,1
1247084647885844480,0
1241723513863647233,1
1247400594576416768,0
1253315432167112706,1
1254077161356636160,0
1254130844760932353,0
1253409691285274624,0
1258065884557406208,0
1242573197159079941,0
1250169948695076870,0
1242523369427415046,0
1246398335868682240,0
1254370650090811392,0
1246403889634643968,0
1248078733933756417,0
1248268649636528138,0
1253434052033409027,0
1249792826981957639,0
1246218510499446784,0
1246988335672963073,0
1253108247214436352,1
1249747825111400450,0
1246645797573165058,1
1247224552482111488,0
1233067400540585985,0
1246536449194852354,0
1254709371977768961,0
1252920888879702020,1
1249908750787342344,0
1250084954475765763,0
1246706529316765696,0
1247948972938989569,1
1246511620643328002,0
1251587087502946304,0
1245408878243823617,1
1182039992350072832,0
1249611950566199296,0
1239795650226782211,0
1247214310146945027,0
1254394799462875136,0
1247544189673508865,0
1252559295109115905,0
1252417320347033614,0
1245018297596329984,0
1249316795481313281,0
1247160816001929221,0
1255127397604737030,0
1241456951806038020,0
1250402810681856001,0
1252231753449660418,0
1256188170288447489,0
1246033414500876288,0
1258659761773522945,0
1247677889308315648,0
1228432923549782018,0
780883016604266496,0
1247990584532336640,0
1247260454218579970,0
1235645533751934977,0
1245977821358575617,0
1257638642543218690,0
1251836869995900929,1
1230935901783543808,1
1042300521208602625,0
1248129121592336384,0
1177338755306467330,0
1246064912268505088,0
1244938967113490433,0
1247157907596005379,0
1248277237054550018,0
1240720422674587649,1
1243154508668116993,0
1244427047050543110,0
1239771977356906496,0
1255470220585639937,0
1246763148939575301,0
1247259389406228481,1
1246090848598667264,0
1245798772271128579,0
1246906188022927360,0
1233524026103992320,0
1254661344281767938,0
1243023553370501120,0
1246925993237008385,0
1246468674174750729,0
1247202589390798848,1
1252253792898293761,0
1251553047639179266,0
1251180335473152000,0
1019786973660229633,0
1247510227014033410,0
1251876707503661056,0
1233938781616521216,0
1248039246029602818,0
1253612313954750464,1
1229975680617779202,0
1255824811089178626,0
1247448519734185984,0
1247142204910587904,0
1243683134358433792,0
1257135733942423554,0
1251989265560436738,0
1225884473742356480,0
1246933212258906112,0
1245675493724164096,1
1247487769758359553,1
1250067099197857795,0
1245848087379226627,1
1249770643085721600,0
1249465624780251146,1
1246000671519911936,0
1253450630498312192,0
1252614329448439809,0
1246991431069286400,0
1253329239358623746,0
1244929236495990784,0
1247393549336920064,0
1246513446780272640,0
1249089013463552003,0
1247453322522607617,0
1229217617811996673,0
1247521478788050944,0
1246514064303497216,0
1233631099932303361,1
1249683972344463362,0
1247176749814816768,0
1246198555376857098,0
1248732101957967872,1
1248182126849204226,0
1247832375821819906,1
1248989203570049030,0
1252409259507109890,0
1253825424976539648,0
1245353935696613377,1
1247191625853517827,0
1242930293255921664,1
1222012378994237440,0
1251612632915853312,0
1238907037637054465,0
1249533961916866560,0
1256236854405455875,1
1233461552227004417,0
1224798950533844993,0
1243509453040779265,0
1249774511760838659,0
1258066875256315905,0
1247392532671148037,0
1246159176495181835,0
967472276189995008,0
1247901704240021506,1
1256053812760137729,0
1246135433320431619,0
1247917367704707072,0
1250999691803717633,0
1257448180406460420,0
1255207454499057664,0
1237805432372170752,0
959106752787730432,0
1245914261030752258,0
1248403337214431233,0
1256125405376983040,0
1244673411302989824,1
1250002870369386497,0
1251151395111055365,0
1248702914069180418,0
1223029423068327936,0
1229175029864239104,1
1250517913460563968,0
1245614923117293573,0
1246890459420598273,0
1246112920150462465,0
1250286982678249474,0
1244819885219340288,0
1246151116599037953,0
1247197867720179712,0
1249922860379820032,0
1251563651988885505,1
1242754979452067840,0
1247070971082784768,0
1244285755075092480,0
1247939928077602826,0
1245486736685158402,0
1255950790373629955,0
1236022868913410048,0
1251422392880152577,0
1252180305714298886,0
1248754523461410817,0
1247470351166124032,1
1249687472944136193,0
1240337087699857408,0
1247096253944680448,0
1250870966206398464,1
1241480240054009861,0
1247677253648912384,0
1243268297115807746,0
1240389702638804994,0
1245639418012004364,1
1244030227900227585,0
1246543836609941507,0
1246182062257778688,0
1250529436035723264,0
1247769770281168896,0
1244571040858222592,0
1253473173191880704,0
1246831117308768256,1
1246189155773829120,0
1247104621635665920,0
1246316190353575936,0
1250325270076121088,0
1246460085578149889,0
1246699355291226112,0
1246315714253934598,0
1247755284933566466,0
1250552136737357827,0
1248329972995014662,0
1248707317836574720,0
1233403109038346246,0
1246550567054426113,0
1246304886083346432,0
1245942507235684352,0
1246752927890497538,0
1248687161081241601,0
1246185155489865730,0
1247662282294820866,1
1242119751142240257,0
1250102523412840451,0
1233744296551026691,0
1251505152089038853,0
1245726748395876354,0
1247981496536911872,0
1250603413160833025,0
1247366564917239808,1
1252295146961592321,1
1221197064740143104,0
1238296753885118466,0
1249416694570901507,0
1247273791916572672,0
1248351330944638977,0
1247581137825824778,1
1246337981021138944,0
1251023936818688004,0
1239162846325456896,0
1247255471540580352,0
1246517941853499392,0
1246695533407883265,0
1239935203520339969,1
1235590661258133504,1
1247120078409273346,0
1238058027510575107,0
1248764419217203202,0
1247476232142422016,1
1249732676451553288,1
1241447287399669760,0
1253729007528361990,0
1233769474869940229,0
1246897070671196161,0
1246115401886584840,0
1246412280687968257,1
1177340536799129601,0
1239551542056955905,1
1246035394573094912,0
1238393718727561216,0
1247212601085435904,1
1245946842879340544,0
1246463716524281859,0
1214103387056332801,0
1251150716594339840,0
1255137384791855113,0
1244837166645157888,0
1248097828955729921,0
1246651564934057984,0
1247277066120290305,0
1247193338672889862,1
1240207011561852929,0
1254295798759731206,0
1248250958598950912,0
1245744404700319746,1
1246595108364935170,0
1246649280921731073,0
1247342039324192768,0
1222128882830258176,0
1246974862977097729,0
1245465361085915136,0
1257339790908952578,0
1249410782930046981,0
1249802412115800071,0
1245797533181501442,0
1246728306608791552,0
1246088597826088960,0
1247255222893924352,0
1248263906000240640,0
1258268118201372672,0
1246976449262673921,1
1249683364434583554,0
1248509821684514816,0
1246121585494368256,0
1251035680685383680,0
1254159045897879558,1
1225728755248828416,0
1241565460870692866,0
1245350461273767942,0
1252399436195495937,0
1249724675233636353,0
1246385955726114816,1
1247281743805243392,0
1247200363767369728,0
1247447772825034752,0
1247318841702723586,0
1251566713264455681,0
1246191300342317056,1
1245239457256574976,0
1112374523322617863,0
1249476820300369926,1
1245730316356026373,1
1249719552205864961,1
1248191463365783552,0
1248101665280008192,0
1247011064950206467,1
1245107382209970176,0
1248646025025400833,0
1247616242153934848,0
1252336378626674689,0
1251556793861525504,1
1249237998459400193,1
1254183097320591360,0
1226053049875128328,0
1242661384464338945,0
1245300588088303621,0
1236969932216131584,0
1098503950809079808,0
1256336830439419904,0
1246033722891276288,0
1245052923811450880,0
1246757422947074048,0
1253392881781485569,0
1247822587956211713,0
1256071017535090688,0
1256199023553327104,0
1235127948912586753,0
1244748207160090625,0
1247406995625463808,0
1248508404416630784,0
1250234532885712897,0
1251355296968126464,0
1243919903234625536,1
1255587199052943360,0
1237915293562703873,0
1248395958984962049,0
1246127741960945676,1
1245677946557300737,0
1247555041206075392,0
1253402182772121601,0
1250572719382425600,0
1233415051987603464,0
1258379892720361473,0
979106556934582272,0
1242341724036517888,0
1249690750566219777,0
1239524335636930565,1
1252167403414458369,0
1246548858336727040,0
1237966113700446219,1
1251648987385540614,1
1251534155738947585,0
1247531594274897922,1
1249782145771503617,0
1243817609767858177,1
1247361286511493120,0
1253738731900723200,0
1153190578986868736,0
1248359096312647681,0
1247549791095214080,0
1246954941157117953,0
1224647100878684160,0
1253705081410785281,0
1246827022887903232,0
1239632515565883392,0
1245604262488375296,0
1248296960303534080,0
1247258685702799366,0
1257103323989258243,0
1249743092988575749,0
1247033032202043392,1
1252024184198365184,0
1254351150607855616,0
1240425976657412097,0
1235503743828975616,0
1253837963991093257,1
1257361411052908545,0
1246277746176610304,0
1243470971903696896,0
1246209397438758912,0
1243582211359674369,0
1250797367303045121,0
1249095707757359116,1
1238592021436268550,0
1242608598154457089,0
1258749867893100550,1
1247115474015522818,0
1244812383576612866,0
1246930452407037953,0
1223371470241517568,0
1253086628370776065,0
1240193434918555648,1
1247265871715852295,0
1249378668499152898,0
1245956027322789889,0
1237642492557717506,0
1231270075124113408,0
1240621902458163201,0
1251633650128519175,0
1245722543266369538,0
1250235942276915202,0
1246962340555370496,1
1246233161689939969,0
1246495531486101506,0
1246208034273198086,0
1257231902177705985,0
1248168015620968449,1
1256348356558888963,0
1252330872662966272,0
1248330202310217733,0
1251595550941679618,0
1250098896308776963,0
1232395002485104641,0
1245721829278396416,0
1246870181197930496,0
1239584634301751296,0
1246431881803022336,1
1252148310766477312,0
1256646200910057478,0
1247614071723012098,1
1247615112069906433,0
1251646094502588416,0
1236213284421988354,0
1247283990916104198,0
1250376862364241920,0
1238425637100101635,0
1252205155375865858,0
1253155143316578305,1
1249219315003527173,0
1253487363344478208,0
780598487729729536,0
1251800568068141056,0
954725996598628352,0
1243881342066180096,0
1246460944839999490,0
1192431712078352384,0
1255407804678049792,0
1246382981813600259,0
1230554753182003203,0
1239628606961266691,1
1253022068091891719,0
1233023910892986368,1
1246510904935620608,0
1246524187499520000,0
1242601586318139392,1
1256664517016080384,0
1241495445345579015,1
1248544174296698880,0
1248258539149295621,0
1231308393828188161,1
1244317990377517056,0
1246708503663857664,0
1248536065465614336,0
1244172551523352576,0
1247900408749555713,0
1245185093595017226,0
1247847438624456704,0
1239041504515063808,1
1249598512427347969,0
1244711021060767746,0
1233310601646137344,0
1246514939243769856,0
1255952976209944577,0
1247966439102910466,1
1248036524354084865,0
1244985271285878794,0
1240727982269812736,0
1247420071129034757,0
1232721805166759937,0
1201794592552767488,0
1247411160409874433,0
1241464646009323521,0
1256365307716919296,0
1254107652986191876,0
1246865349733203968,0
1238053097383112705,0
1246400957442920449,0
1247178035868073985,1
1254955671486967810,0
1246900371706036228,0
1247962459421491200,0
1242066314065252353,0
1246669403644669952,1
1250327092656353280,0
1235157563378892800,0
1249819148638507009,0
1245118172988047366,0
1244717486471290880,0
1241105344534908930,0
1246775034548551680,0
1246216765199093761,0
1251254839281168384,0
1246475044211097600,0
1254026734489481216,0
1230809576284606464,0
1246428184276619264,1
1248132894859517952,0
1246508276965048320,0
1247808592419274757,0
1225987617679958016,0
1241136094994931712,0
1248906833273602049,0
1249334878715379712,0
1234936431463849988,0
1230228808478777344,1
1257704878492790784,0
1232528087205777408,1
1249388601802186764,0
1249614918757875714,0
1245808469891895302,0
1237777407047880711,0
1249852884516253698,1
1247582869045813249,0
1239683437725958147,0
1254220044592205827,0
1257788671777964034,0
1248324637601169410,0
1251985240563695616,0
1234716155383832576,0
1249658298628014086,0
1248363769991847937,0
1247457852089925633,0
1246329664190271488,0
1246450013900857344,0
1239958041870495744,0
1246788313132019715,0
1232652371832004608,0
1242637501115691008,0
1243217019962621952,0
985889027114131456,0
1166178375536451585,0
1232903382056214528,0
1247081838717345792,0
1237443985557180416,0
1247977776134500353,0
1256607115285794816,0
1233857285459447814,0
1247292913484206081,0
1246735752471425027,1
1251896750484393984,0
1227454423699509254,0
1242245295125090304,0
1247284888790843392,1
1253655568302190602,0
1253716821276069892,0
1244930374779785218,0
1246543042296807424,1
1254158530149580800,0
1249377975457452038,0
1246823643507765249,0
1253171062914682880,0
1248188759700410369,1
1248094380671500292,0
1251076683479887879,0
1246361710350475265,0
1255271782782820352,0
1256862441788575744,1
1246520511699595265,0
1227250530474438657,0
1233105718628188161,0
1246057583506579462,0
1258005280757092353,0
1247534095212535809,0
1252535723514900480,0
1246214635386257416,0
1256214140546420736,0
1250870239832666112,0
1246435028160176135,0
1257790016929103873,0
1245814511266742273,0
1097870074583678976,0
1250544023980441603,0
1249989323488886786,0
1255675236848218114,0
1239669547331878915,0
1226614027255787525,0
1249028457373167616,0
1255095899178651649,0
1253363615572406273,0
1258745073828798465,0
1258780919789469703,0
1245098144876068864,0
1258761993701466112,0
1246487405403598851,0
1249028345100107778,0
1253477720148729857,0
1241796497974464515,1
1237515988628889601,0
1249178618460340224,0
1247618771763769346,0
1249335314906148866,0
1244350351978958854,0
1246694188873216004,0
1229634866863468545,0
1246153377689395201,0
1247097551091834880,0
1246863390330564610,1
1239803257674805248,0
1223962930233761792,0
1251535475661246468,0
1249725032554782726,0
1242187412010401792,0
1246360627435667456,0
1251541185614749698,0
1244509992604049416,0
1231245895032823808,0
1246331706258456576,0
1256288504587280384,0
1247138649445216256,0
1248791121330728960,0
1251602674975473664,1
1248813473137598467,0
1231194101825114117,0
1247089621097422850,0
1255206420875825152,0
1241337295606657033,0
1224762580163530752,0
1246780116081967110,0
1246182289853370368,0
1246448272471994370,1
1246767168857018369,0
1244101142289793024,0
1240391000247480320,0
1254610478904553473,0
1253639088118263808,0
1242712688339320832,1
1245102393030819841,0
1247909466948993024,0
1249968827049431045,0
1246326465601376258,1
1237442858438799360,0
1251454080767209472,0
1251639159325941765,0
1247251115189641218,0
1223753945299816450,0
1232261426187816961,0
1246854709018853377,0
1237413309789306885,0
1258620646420099073,0
1249735684903993354,0
1247491448515235840,0
1249689420678270977,0
1255370357680287747,0
1246115666869932032,0
1251491817339707398,0
1247431894825918464,0
1256221995710255109,0
781610025630339072,0
1237315330134900736,0
1242952615694123010,1
1245479371164381185,0
1233996741697056768,1
1239695181957513218,0
1248522585656242177,0
1251355856932757504,0
1245805486013919232,0
1251597617651486722,0
1247833822235770880,0
1254042874213269504,1
1244996243610271746,1
1251578768533204992,0
1248291427848781824,0
987152650637627392,0
1247493088156794880,0
1247408233616203776,0
1246524137981407233,1
1245772007867854849,0
1237966156822175744,0
1247126766751285249,0
1251947991075864577,0
1242365461322280961,0
1246831584159940609,0
1254141862333632512,0
1247214051177967617,0
1246367328075382785,0
1247722768738570242,0
1249727495449935873,0
1252537219597950976,0
1242234984972218369,0
1241818761734377474,0
1243271631935606784,1
1246395883312369664,0
1255745653658927104,1
1254519431927140353,0
1247164450878246912,1
1246367493968576513,0
1240365942573498371,0
1253163957155659777,0
1247540344847093760,0
1258136027224510469,0
1245180889752989696,0
1251881483016507392,0
1258188685146836992,0
1241094691208257544,0
1247542346423517191,0
1246137934996221952,0
1246454362362314756,0
1255397729167118336,1
1246963848567029761,1
1248353024910733314,0
1189947865629646850,0
1247603953568813062,0
1258161809737072643,0
1248720134010789894,0
1238185576618053634,0
1235201522407002115,0
1249291902819721216,1
1248593353689661441,1
1223794119291502592,0
1244690571580649474,0
1252629165183864832,0
1244714550907322374,0
1241771156048396291,0
1248315706648571905,0
1245654777725194246,0
1246526993425928199,0
1245647080296566784,1
1247487120433909760,0
1239574164157186050,0
1240247157657145344,0
1246604099753316354,0
1243436480405610497,0
1240405470810169345,0
1247454524089831424,0
1234832685295636481,0
1247704414657425409,0
1246283893306728448,1
1235083359501430789,0
1253235757340340225,0
1241427032229269504,1
1245331053864275968,1
1257083813261262850,0
1248106265378729989,1
1246804007659524096,0
1249729178397802497,0
1251985129528049665,0
1257870282322132994,0
1244684602112958464,0
1233390558707666944,0
1231796047053148160,0
1225373601529921536,0
1246517706838376448,0
1236138442037305344,0
1253680802380029953,0
1255284367141867523,0
1233943663149027329,0
1249287409927364608,0
1255694616340254721,0
1226101406630862849,0
1247219071738839044,0
1248379306281033732,0
1247160933916348416,0
1258229578130010112,0
1248300314211614720,0
1250856143599042561,0
1239427193945485312,0
1249707896348147713,1
1247201714677129218,0
1253286217392816129,1
1252022231200337920,0
1247141064433156096,0
1252077674769469446,0
1240318148307492866,0
1247230139466989569,0
1240298008975044609,0
1240433634823331841,0
1240433880831844353,0
1247569588642099201,0
1246457182427549698,0
1250296194581925888,0
1247508667777286144,0
1247504620622094337,0
1246694521766907909,1
1232641158171578368,0
1243165966013550592,0
1249730952328122368,0
1240147908466552835,1
1244671790850478081,0
1246713718592978946,0
1258366850267824129,0
1247437039664091140,1
1246509119273664519,0
1249063082875392003,0
1248724228091924482,0
1247322170809888768,0
1246190187148906497,0
1240075151561162752,1
1249663218894635009,0
1250712261964038144,0
1252171757148086272,0
1249840127117004800,1
1252448230031470592,0
1249136157692178432,0
1246384111536742407,0
1251213476187406342,0
1230685564090736643,1
1246379033174118400,0
1258098464271093763,0
1248602671860158467,0
1251727605616836608,0
1247137321453080578,0
1240692360532471812,0
1245979814009409536,0
1251939467277066240,0
1254475352916836356,0
1244056534583312384,0
1251661958480347140,0
1251112376159686657,0
1238218314037551106,0
1246522065374584832,0
1244901765289586690,0
1249033377270976515,0
1239907845719691265,0
1257441496057491458,0
1240490851219968002,0
1247457277298212864,1
1236437375238025218,1
1247401021854400513,0
1258342182370586627,0
1231775758604877824,0
1247107642541182977,0
1244346591928037377,0
1239622097418227712,0
1244654630031654913,0
1250016242041147392,0
1253122733812051969,0
1234444008543465472,0
1252580962841624576,0
1255132882214940672,0
1249679952930357250,0
1246817889518305281,0
1242410123705925632,0
1247251614030848002,0
1247877082815901697,0
1226418636920774658,0
1246695194755584001,0
1227028094424354816,1
1246917843943391234,0
1246518795478458368,0
1251060455881277450,0
1257972843410862080,0
1254771246140555267,0
1249646962976026626,0
1249699807062605824,0
1258466415155261440,0
1246091264090607618,0
1242618815155970048,0
1248200257860706305,0
1253458018974523396,0
1142912558753439744,0
1246592868552237056,0
1243416931274608640,0
1230982069301329920,0
1249249507189166080,1
1245286812714708992,0
1245710620470771712,0
1250506886132240384,0
1248974225710465024,0
1244045963347423232,1
1231848175125893122,0
1250548786796982272,0
1229513746260865032,0
1250010646806216704,1
1250061206641168385,0
1246099352218566656,0
1248191831478882304,1
1251965624500260864,0
1234233132561223680,0
1242151818014216193,0
1244379767823929344,0
1245306690356031489,1
1247754110620688385,1
1246479251186036739,0
1244906637233516551,0
1248333799945056256,0
1239843843060781061,0
1237936332950757378,0
1247521709537673218,0
1227567579297992704,0
1254049686790561793,0
1245948908137668608,0
1245414302737104897,0
1248307158803976193,0
1247111932848603136,0
1247881614551584768,0
1245758091045548036,0
1243245628471336963,0
1248394067316097026,1
1237204578275405824,1
1248342156869275650,0
1246115237704749056,0
1245858378963759104,1
1248252430736900102,0
1235719865174036485,0
1246695705634394113,0
1247133143976620032,0
1247625423611219969,0
1249612777037139970,0
1125623549597761537,0
1251259848274014208,1
1247378409841459204,0
1247821502487113728,0
1245987022302515200,0
1247253256033783808,1
1249488007184474117,0
1247671715586588674,0
1248348588343779330,1
1238689921885523969,0
1242847552413880320,0
1240674190258307072,1
1253310177840893955,0
1247408653956575233,1
1243776167963963393,0
1237732106438094850,1
1251215426803183616,1
1235998629732790275,0
1244338191676534784,0
1250114569026101249,0
1223667515336863745,1
1248834975736233984,0
1224076746460475394,1
1242541953448841222,0
1246824518271864832,0
1238182236605865985,0
1246416724993269760,0
1247371446646693888,0
1246906175838228480,0
1247810418803793920,0
1246093620257546241,0
1244653282678603781,0
1251116918737711104,0
1246093638142251008,0
1190726591279710209,0
1251186179548033025,0
1244901266620219393,0
1256098364434907136,0
1249800323948052493,0
1252898409729740800,0
1247260859602219009,0
1222906009829568514,0
1247163119228588032,0
1254602141907460096,0
1224894316163846144,0
1247439308878942209,0
1255743612014526474,0
1244180634873901056,0
1246400273075048448,0
1246986046069452802,0
1247990657328742401,0
1238143867804889098,0
1243975234203668481,1
1245533982541991939,1
1247604500925382656,0
1246457825720553472,0
1245480646706855936,1
1222930537574088704,0
1254706069647081472,0
1249300466065764353,1
1246716053893386240,0
1243570850852245504,0
1243593372142534658,1
1235466918816960512,0
1246965344305967104,0
1255894707223363584,-1
1249391074889646081,-1
1247615135662866434,-1
1255526131375144963,-1
1246234103717998592,-1
1251672397180219393,-1
1247125936740413442,-1
1246125909079404547,-1
1246527441352437765,-1
1251936717805891590,-1
1245908815897296906,-1
1248659892879208454,-1
1247734380052660225,-1
1254648192794148865,-1
1250029730776170498,-1
1252302090224963590,-1
1227306632687779843,-1
1246169884481982472,-1
1245901273578209282,-1
1248915812666114051,-1
1247948065639628802,-1
1239338198897131524,-1
1251259094712963086,-1
1248389071543521295,-1
1252718820202086402,-1
1251794643345424387,-1
1246815697860100101,-1
1240445800292941829,-1
1246021542816989189,-1
1228215960693137408,-1
1164892228638130182,-1
1257427015252262919,-1
1230375825909829635,-1
1249787609783697415,-1
1242555346486472704,-1
1247307044765433864,-1
1222213998944358400,-1
1249590045289385984,-1
1248570637968441345,-1
1247050357810827264,-1
1247116056881233921,-1
1244306754374111232,-1
1246840070918803456,-1
1246918781290627082,-1
1248451571332964353,-1
1246242605207183360,-1
1246441188128952321,-1
1245077221619851264,-1
1251678528912920577,-1
1250944051878203393,-1
1258070536300695553,-1
1251823426131628033,-1
1258555084104925184,-1
1248379966162526209,-1
1239253914597408770,-1
1236404186398384129,-1
1222728036354838528,-1
1254648874406416386,-1
1244683149998723074,-1
1247145769431371778,-1
1247861967106314240,-1
1250804812897292288,-1
1238114038141390848,-1
1246966743559540736,-1
1250112980831866883,-1
1243228279387181056,-1
1251935883214966784,-1
1248926351006093312,-1
1242194715845578752,-1
1247034646069678080,-1
1251644022025850880,-1
1233826374764433408,-1
1242946976196562944,-1
1250448612783525888,-1
1249360949859045377,-1
1245348742833885185,-1
1251574087354404865,-1
1245307110654709761,-1
1235766280927547393,-1
1246923848949338114,-1
1248234104463790082,-1
1246545789863825410,-1
1242536905574617090,-1
1224082174296674306,-1
1251845027774500866,-1
1246568648967360514,-1
1247049565347418114,-1
1247579235876769794,-1
1234316917814579201,-1
1251607390748839940,-1
1249686330361237507,-1
1245798279335628801,-1
1244464423135334401,-1
1246411088243183617,-1
1251602011004506117,-1
1236943098103713793,-1
1248555997842608130,-1
1245029546128281602,-1
1254223497766866946,-1
1246470183692242950,-1
1237011426834878470,-1
1240374615664480262,-1
1242644641792421888,-1
1240346659936038912,-1
1241076958835798016,-1
1247092284140781569,-1
1240810470296244226,-1
1246339872119574530,-1
1246235813333082112,-1
1244931630751457280,-1
1248693200602177536,-1
1247125085925842944,-1
1246834558424809472,-1
1233617471636152320,-1
1246393513970933760,-1
1249362435733102592,-1
1239665715415642113,-1
1244748936545333249,-1
1256394806034681868,-1
1222099104882417664,-1
1253056770601357313,-1
1246128560214962176,-1
1254573670615281664,-1
1246569967258083329,-1
1258699559456382977,-1
1251913950893129730,-1
1247849063954989058,-1
1253440876375916546,-1
1246142050522849280,-1
1245039617889492992,-1
1251960946249129984,-1
1252526337404919808,-1
1242578268714393600,-1
1246031414971322372,-1
1252519316668379136,-1
1239529538075451393,-1
1246402939268325377,-1
1249692944640204801,-1
1246346745996599297,-1
1245993195210563584,-1
1254320776376918016,-1
1254352227097026560,-1
1238584483965624320,-1
1237511936746512384,-1
1253320784832946177,-1
1237851824318636033,-1
1221163860389847041,-1
1247946782425964544,-1
1246171294367965185,-1
1247546085578547202,-1
1249732904286068738,-1
1246027652781219841,-1
1247637447141449730,-1
1239392690434957313,-1
1244695844109967363,-1
1246355947980808194,-1
1246119990392217602,-1
1245075353279881219,-1
1246081019943571457,-1
1242535428059734020,-1
1246116953774792708,-1
1237933255137124359,-1
1249540183390859264,-1
1245852358577455105,-1
1246382452651819009,-1
1245895041412988928,-1
1251633371157016576,-1
1247067837564366848,-1
1247091638532485120,-1
1253971065375731712,-1
1234200237763248128,-1
1222880364084903936,-1
1237709510556303360,-1
1246546556578217984,-1
1248812921632636928,-1
1236636859960180736,-1
1232958944487718912,-1
1235419427245441024,-1
1246893772752863232,-1
1239396587719147520,-1
1235899233124794368,-1
1246449047256403969,-1
1250460442100563968,-1
1240110598936920064,-1
1245078044592701441,-1
1246119294167068673,-1
1234933584760320001,-1
1246138447158489089,-1
1253093096625143808,-1
1247577523245858817,-1
1258133844240171009,-1
1244807753723523072,-1
1245191627586646016,-1
1258211043878350848,-1
1240334710309416960,-1
1256963489358327808,-1
1246364501177446400,-1
1089460888120242176,-1
1247439793480511488,-1
1240187875062317056,-1
1244328960772567041,-1
1249361877534158849,-1
1247434170428731393,-1
1246513176574930945,-1
1256901361213550594,-1
1246861576713515009,-1
1249822508347355137,-1
1246769540693995521,-1
991271305306664961,-1
1246080205715845123,-1
1254055832700039171,-1
1226622413229527040,-1
1242080306137427970,-1
1252691662658318337,-1
1246402488854622211,-1
1247220517435854849,-1
1247257307131654149,-1
1228048489126318080,-1
1246490420218974208,-1
1240650091242737664,-1
1247372379275374597,-1
1254915555389210625,-1
1246924092680417286,-1
1241107447177261062,-1
1240252805094440961,-1
1245309135622635521,-1
1257006725129023494,-1
1244881513709174785,-1
1245262902669475841,-1
1258751905121042433,-1
1249427812051759104,-1
1246907216290033664,-1
1244926188679770112,-1
1244347196990017537,-1
1243649953576235017,-1
1247194562172420098,-1
1253787520069926914,-1
1246711938588999682,-1
1248271667744342016,-1
1251033285578326016,-1
1246631765118078977,-1
1246546247122472961,-1
1250668270027329537,-1
1250854131226591232,-1
1240578242819604480,-1
1245244498051022848,-1
1249740275536314368,-1
1244364172684431360,-1
1246740961276952576,-1
1240601529721257984,-1
1241560591329886208,-1
1238398496161628160,-1
1245163765383004160,-1
1246292500383498240,-1
1240717418168811520,-1
1248896824427118592,-1
1255800087034429440,-1
1248345982615633921,-1
1247484715386486785,-1
1248324462300315649,-1
1237452508265459712,-1
1255346427204636676,-1
1251789896571912193,-1
